 -------  Norm of dcc matrices : Spins =            1  -------
           k-point           ik_co    c   dist    |dcc|^2      
---------------------------------------------------------------
 (  0.000 ,  0.000 ,  0.000 )    1    1  0.000   1.000000
 (  0.000 ,  0.000 ,  0.000 )    1    2  0.000   1.000000
 (  0.000 ,  0.000 ,  0.000 )    1    3  0.000   1.000000
 (  0.000 ,  0.000 ,  0.000 )    1    4  0.000   1.000000
 (  0.000 ,  0.000 ,  0.000 )    1    5  0.000   1.000000
 (  0.000 ,  0.000 ,  0.000 )    1    6  0.000   1.000000
 (  0.000 ,  0.000 ,  0.000 )    1    7  0.000   1.000000
 (  0.000 ,  0.000 ,  0.000 )    1    8  0.000   1.000000
 (  0.000 ,  0.000 ,  0.000 )    1    9  0.000   1.000000
 (  0.000 ,  0.000 ,  0.000 )    1   10  0.000   1.000000
 (  0.000 ,  0.000 ,  0.000 )    1   11  0.000   1.000000
 (  0.000 ,  0.000 ,  0.000 )    1   12  0.000   1.000000
 (  0.000 ,  0.000 ,  0.000 )    1   13  0.000   1.000000
 (  0.000 ,  0.000 ,  0.000 )    1   14  0.000   1.000000
 (  0.000 ,  0.012 ,  0.000 )    1    1  0.015   0.997076
 (  0.000 ,  0.012 ,  0.000 )    1    2  0.015   0.998827
 (  0.000 ,  0.012 ,  0.000 )    1    3  0.015   0.997334
 (  0.000 ,  0.012 ,  0.000 )    1    4  0.015   0.999284
 (  0.000 ,  0.012 ,  0.000 )    1    5  0.015   0.996532
 (  0.000 ,  0.012 ,  0.000 )    1    6  0.015   0.998693
 (  0.000 ,  0.012 ,  0.000 )    1    7  0.015   0.998038
 (  0.000 ,  0.012 ,  0.000 )    1    8  0.015   0.999171
 (  0.000 ,  0.012 ,  0.000 )    1    9  0.015   0.999082
 (  0.000 ,  0.012 ,  0.000 )    1   10  0.015   0.999899
 (  0.000 ,  0.012 ,  0.000 )    1   11  0.015   0.999727
 (  0.000 ,  0.012 ,  0.000 )    1   12  0.015   0.999796
 (  0.000 ,  0.012 ,  0.000 )    1   13  0.015   0.999213
 (  0.000 ,  0.012 ,  0.000 )    1   14  0.015   0.999829
 (  0.000 ,  0.025 ,  0.000 )    1    1  0.030   0.988417
 (  0.000 ,  0.025 ,  0.000 )    1    2  0.030   0.995351
 (  0.000 ,  0.025 ,  0.000 )    1    3  0.030   0.989376
 (  0.000 ,  0.025 ,  0.000 )    1    4  0.030   0.997150
 (  0.000 ,  0.025 ,  0.000 )    1    5  0.030   0.986298
 (  0.000 ,  0.025 ,  0.000 )    1    6  0.030   0.994818
 (  0.000 ,  0.025 ,  0.000 )    1    7  0.030   0.992169
 (  0.000 ,  0.025 ,  0.000 )    1    8  0.030   0.996704
 (  0.000 ,  0.025 ,  0.000 )    1    9  0.030   0.996423
 (  0.000 ,  0.025 ,  0.000 )    1   10  0.030   0.999575
 (  0.000 ,  0.025 ,  0.000 )    1   11  0.030   0.998851
 (  0.000 ,  0.025 ,  0.000 )    1   12  0.030   0.999234
 (  0.000 ,  0.025 ,  0.000 )    1   13  0.030   0.996796
 (  0.000 ,  0.025 ,  0.000 )    1   14  0.030   0.999280
 (  0.000 ,  0.038 ,  0.000 )    1    1  0.045   0.974355
 (  0.000 ,  0.038 ,  0.000 )    1    2  0.045   0.989688
 (  0.000 ,  0.038 ,  0.000 )    1    3  0.045   0.976241
 (  0.000 ,  0.038 ,  0.000 )    1    4  0.045   0.993639
 (  0.000 ,  0.038 ,  0.000 )    1    5  0.045   0.969768
 (  0.000 ,  0.038 ,  0.000 )    1    6  0.045   0.988503
 (  0.000 ,  0.038 ,  0.000 )    1    7  0.045   0.982412
 (  0.000 ,  0.038 ,  0.000 )    1    8  0.045   0.992661
 (  0.000 ,  0.038 ,  0.000 )    1    9  0.045   0.992331
 (  0.000 ,  0.038 ,  0.000 )    1   10  0.045   0.998976
 (  0.000 ,  0.038 ,  0.000 )    1   11  0.045   0.997182
 (  0.000 ,  0.038 ,  0.000 )    1   12  0.045   0.998431
 (  0.000 ,  0.038 ,  0.000 )    1   13  0.045   0.992619
 (  0.000 ,  0.038 ,  0.000 )    1   14  0.045   0.998251
 (  0.000 ,  0.050 ,  0.000 )    1    1  0.059   0.955418
 (  0.000 ,  0.050 ,  0.000 )    1    2  0.059   0.982023
 (  0.000 ,  0.050 ,  0.000 )    1    3  0.059   0.958122
 (  0.000 ,  0.050 ,  0.000 )    1    4  0.059   0.988817
 (  0.000 ,  0.050 ,  0.000 )    1    5  0.059   0.947654
 (  0.000 ,  0.050 ,  0.000 )    1    6  0.059   0.968682
 (  0.000 ,  0.050 ,  0.000 )    1    7  0.059   0.979947
 (  0.000 ,  0.050 ,  0.000 )    1    8  0.059   0.987135
 (  0.000 ,  0.050 ,  0.000 )    1    9  0.059   0.987381
 (  0.000 ,  0.050 ,  0.000 )    1   10  0.059   0.998025
 (  0.000 ,  0.050 ,  0.000 )    1   11  0.059   0.994353
 (  0.000 ,  0.050 ,  0.000 )    1   12  0.059   0.997494
 (  0.000 ,  0.050 ,  0.000 )    1   13  0.059   0.986572
 (  0.000 ,  0.050 ,  0.000 )    1   14  0.059   0.996578
 (  0.000 ,  0.062 ,  0.000 )    1    1  0.074   0.932312
 (  0.000 ,  0.062 ,  0.000 )    1    2  0.074   0.935295
 (  0.000 ,  0.062 ,  0.000 )    1    3  0.074   0.972602
 (  0.000 ,  0.062 ,  0.000 )    1    4  0.074   0.982746
 (  0.000 ,  0.062 ,  0.000 )    1    5  0.074   0.921011
 (  0.000 ,  0.062 ,  0.000 )    1    6  0.074   0.950514
 (  0.000 ,  0.062 ,  0.000 )    1    7  0.074   0.969401
 (  0.000 ,  0.062 ,  0.000 )    1    8  0.074   0.980245
 (  0.000 ,  0.062 ,  0.000 )    1    9  0.074   0.982474
 (  0.000 ,  0.062 ,  0.000 )    1   10  0.074   0.996623
 (  0.000 ,  0.062 ,  0.000 )    1   11  0.074   0.989758
 (  0.000 ,  0.062 ,  0.000 )    1   12  0.074   0.996463
 (  0.000 ,  0.062 ,  0.000 )    1   13  0.074   0.978639
 (  0.000 ,  0.062 ,  0.000 )    1   14  0.074   0.994006
 (  0.000 ,  0.075 ,  0.000 )    1    1  0.089   0.905921
 (  0.000 ,  0.075 ,  0.000 )    1    2  0.089   0.908117
 (  0.000 ,  0.075 ,  0.000 )    1    3  0.089   0.975518
 (  0.000 ,  0.075 ,  0.000 )    1    4  0.089   0.961681
 (  0.000 ,  0.075 ,  0.000 )    1    5  0.089   0.892376
 (  0.000 ,  0.075 ,  0.000 )    1    6  0.089   0.925805
 (  0.000 ,  0.075 ,  0.000 )    1    7  0.089   0.972133
 (  0.000 ,  0.075 ,  0.000 )    1    8  0.089   0.957137
 (  0.000 ,  0.075 ,  0.000 )    1    9  0.089   0.978788
 (  0.000 ,  0.075 ,  0.000 )    1   10  0.089   0.994656
 (  0.000 ,  0.075 ,  0.000 )    1   11  0.089   0.982569
 (  0.000 ,  0.075 ,  0.000 )    1   12  0.089   0.995293
 (  0.000 ,  0.075 ,  0.000 )    1   13  0.089   0.968935
 (  0.000 ,  0.075 ,  0.000 )    1   14  0.089   0.990096
 ( -0.000 ,  0.088 ,  0.000 )    1    1  0.104   0.877387
 ( -0.000 ,  0.088 ,  0.000 )    1    2  0.104   0.876940
 ( -0.000 ,  0.088 ,  0.000 )    1    3  0.104   0.967361
 ( -0.000 ,  0.088 ,  0.000 )    1    4  0.104   0.949389
 ( -0.000 ,  0.088 ,  0.000 )    1    5  0.104   0.871422
 ( -0.000 ,  0.088 ,  0.000 )    1    6  0.104   0.885123
 ( -0.000 ,  0.088 ,  0.000 )    1    7  0.104   0.962935
 ( -0.000 ,  0.088 ,  0.000 )    1    8  0.104   0.943445
 ( -0.000 ,  0.088 ,  0.000 )    1    9  0.104   0.977333
 ( -0.000 ,  0.088 ,  0.000 )    1   10  0.104   0.992088
 ( -0.000 ,  0.088 ,  0.000 )    1   11  0.104   0.972045
 ( -0.000 ,  0.088 ,  0.000 )    1   12  0.104   0.993871
 ( -0.000 ,  0.088 ,  0.000 )    1   13  0.104   0.957729
 ( -0.000 ,  0.088 ,  0.000 )    1   14  0.104   0.984057
 (  0.000 ,  0.100 ,  0.000 )    1    1  0.119   0.848383
 (  0.000 ,  0.100 ,  0.000 )    1    2  0.119   0.841801
 (  0.000 ,  0.100 ,  0.000 )    1    3  0.119   0.958220
 (  0.000 ,  0.100 ,  0.000 )    1    4  0.119   0.936122
 (  0.000 ,  0.100 ,  0.000 )    1    5  0.119   0.860212
 (  0.000 ,  0.100 ,  0.000 )    1    6  0.119   0.826514
 (  0.000 ,  0.100 ,  0.000 )    1    7  0.119   0.952785
 (  0.000 ,  0.100 ,  0.000 )    1    8  0.119   0.928597
 (  0.000 ,  0.100 ,  0.000 )    1    9  0.119   0.978101
 (  0.000 ,  0.100 ,  0.000 )    1   10  0.119   0.989157
 (  0.000 ,  0.100 ,  0.000 )    1   11  0.119   0.958166
 (  0.000 ,  0.100 ,  0.000 )    1   12  0.119   0.992026
 (  0.000 ,  0.100 ,  0.000 )    1   13  0.119   0.945484
 (  0.000 ,  0.100 ,  0.000 )    1   14  0.119   0.974520
 ( -0.000 ,  0.113 ,  0.000 )    1    1  0.134   0.817818
 ( -0.000 ,  0.113 ,  0.000 )    1    2  0.134   0.805622
 ( -0.000 ,  0.113 ,  0.000 )    1    3  0.134   0.948233
 ( -0.000 ,  0.113 ,  0.000 )    1    4  0.134   0.834152
 ( -0.000 ,  0.113 ,  0.000 )    1    5  0.134   0.922068
 ( -0.000 ,  0.113 ,  0.000 )    1    6  0.134   0.774692
 ( -0.000 ,  0.113 ,  0.000 )    1    7  0.134   0.941790
 ( -0.000 ,  0.113 ,  0.000 )    1    8  0.134   0.912845
 ( -0.000 ,  0.113 ,  0.000 )    1    9  0.134   0.979826
 ( -0.000 ,  0.113 ,  0.000 )    1   10  0.134   0.986349
 ( -0.000 ,  0.113 ,  0.000 )    1   11  0.134   0.941883
 ( -0.000 ,  0.113 ,  0.000 )    1   12  0.134   0.989485
 ( -0.000 ,  0.113 ,  0.000 )    1   13  0.134   0.932785
 ( -0.000 ,  0.113 ,  0.000 )    1   14  0.134   0.959406
 (  0.000 ,  0.125 ,  0.000 )    1    1  0.148   0.781709
 (  0.000 ,  0.125 ,  0.000 )    1    2  0.148   0.774141
 (  0.000 ,  0.125 ,  0.000 )    1    3  0.148   0.937481
 (  0.000 ,  0.125 ,  0.000 )    1    4  0.148   0.796899
 (  0.000 ,  0.125 ,  0.000 )    1    5  0.148   0.726374
 (  0.000 ,  0.125 ,  0.000 )    1    6  0.148   0.907489
 (  0.000 ,  0.125 ,  0.000 )    1    7  0.148   0.929976
 (  0.000 ,  0.125 ,  0.000 )    1    8  0.148   0.896412
 (  0.000 ,  0.125 ,  0.000 )    1    9  0.148   0.981122
 (  0.000 ,  0.125 ,  0.000 )    1   10  0.148   0.983923
 (  0.000 ,  0.125 ,  0.000 )    1   11  0.148   0.924487
 (  0.000 ,  0.125 ,  0.000 )    1   12  0.148   0.985777
 (  0.000 ,  0.125 ,  0.000 )    1   13  0.148   0.919896
 (  0.000 ,  0.125 ,  0.000 )    1   14  0.148   0.936207
 (  0.000 ,  0.137 ,  0.000 )    1    1  0.163   0.745930
 (  0.000 ,  0.137 ,  0.000 )    1    2  0.163   0.742820
 (  0.000 ,  0.137 ,  0.000 )    1    3  0.163   0.926028
 (  0.000 ,  0.137 ,  0.000 )    1    4  0.163   0.752192
 (  0.000 ,  0.137 ,  0.000 )    1    5  0.163   0.678784
 (  0.000 ,  0.137 ,  0.000 )    1    6  0.163   0.893067
 (  0.000 ,  0.137 ,  0.000 )    1    7  0.163   0.916894
 (  0.000 ,  0.137 ,  0.000 )    1    8  0.163   0.879488
 (  0.000 ,  0.137 ,  0.000 )    1    9  0.163   0.981392
 (  0.000 ,  0.137 ,  0.000 )    1   10  0.163   0.981698
 (  0.000 ,  0.137 ,  0.000 )    1   11  0.163   0.907007
 (  0.000 ,  0.137 ,  0.000 )    1   12  0.163   0.980022
 (  0.000 ,  0.137 ,  0.000 )    1   13  0.163   0.906056
 (  0.000 ,  0.137 ,  0.000 )    1   14  0.163   0.902683
 (  0.000 ,  0.150 ,  0.000 )    1    1  0.178   0.710996
 (  0.000 ,  0.150 ,  0.000 )    1    2  0.178   0.711197
 (  0.000 ,  0.150 ,  0.000 )    1    3  0.178   0.913918
 (  0.000 ,  0.150 ,  0.000 )    1    4  0.178   0.702037
 (  0.000 ,  0.150 ,  0.000 )    1    5  0.178   0.632297
 (  0.000 ,  0.150 ,  0.000 )    1    6  0.178   0.886594
 (  0.000 ,  0.150 ,  0.000 )    1    7  0.178   0.894926
 (  0.000 ,  0.150 ,  0.000 )    1    8  0.178   0.862234
 (  0.000 ,  0.150 ,  0.000 )    1    9  0.178   0.980610
 (  0.000 ,  0.150 ,  0.000 )    1   10  0.178   0.979348
 (  0.000 ,  0.150 ,  0.000 )    1   11  0.178   0.890303
 (  0.000 ,  0.150 ,  0.000 )    1   12  0.178   0.970626
 (  0.000 ,  0.150 ,  0.000 )    1   13  0.178   0.889264
 (  0.000 ,  0.150 ,  0.000 )    1   14  0.178   0.857413
 (  0.000 ,  0.163 ,  0.000 )    1    1  0.193   0.676042
 (  0.000 ,  0.163 ,  0.000 )    1    2  0.193   0.676509
 (  0.000 ,  0.163 ,  0.000 )    1    3  0.193   0.901176
 (  0.000 ,  0.163 ,  0.000 )    1    4  0.193   0.651501
 (  0.000 ,  0.163 ,  0.000 )    1    5  0.193   0.587960
 (  0.000 ,  0.163 ,  0.000 )    1    6  0.193   0.888911
 (  0.000 ,  0.163 ,  0.000 )    1    7  0.193   0.863346
 (  0.000 ,  0.163 ,  0.000 )    1    8  0.193   0.844781
 (  0.000 ,  0.163 ,  0.000 )    1    9  0.193   0.978867
 (  0.000 ,  0.163 ,  0.000 )    1   10  0.193   0.976619
 (  0.000 ,  0.163 ,  0.000 )    1   11  0.193   0.875241
 (  0.000 ,  0.163 ,  0.000 )    1   12  0.193   0.955136
 (  0.000 ,  0.163 ,  0.000 )    1   13  0.193   0.866758
 (  0.000 ,  0.163 ,  0.000 )    1   14  0.193   0.800151
 ( -0.000 ,  0.175 ,  0.000 )    2    1  0.188   0.781568
 ( -0.000 ,  0.175 ,  0.000 )    2    2  0.188   0.815873
 ( -0.000 ,  0.175 ,  0.000 )    2    3  0.188   0.877180
 ( -0.000 ,  0.175 ,  0.000 )    2    4  0.188   0.816287
 ( -0.000 ,  0.175 ,  0.000 )    2    5  0.188   0.825450
 ( -0.000 ,  0.175 ,  0.000 )    2    6  0.188   0.865713
 ( -0.000 ,  0.175 ,  0.000 )    2    7  0.188   0.918102
 ( -0.000 ,  0.175 ,  0.000 )    2    8  0.188   0.928580
 ( -0.000 ,  0.175 ,  0.000 )    2    9  0.188   0.955435
 ( -0.000 ,  0.175 ,  0.000 )    2   10  0.188   0.863696
 ( -0.000 ,  0.175 ,  0.000 )    2   11  0.188   0.669733
 ( -0.000 ,  0.175 ,  0.000 )    2   12  0.188   0.347128
 ( -0.000 ,  0.175 ,  0.000 )    2   13  0.188   0.307250
 ( -0.000 ,  0.175 ,  0.000 )    2   14  0.188   0.254942
 (  0.000 ,  0.187 ,  0.000 )    2    1  0.173   0.813935
 (  0.000 ,  0.187 ,  0.000 )    2    2  0.173   0.843604
 (  0.000 ,  0.187 ,  0.000 )    2    3  0.173   0.891748
 (  0.000 ,  0.187 ,  0.000 )    2    4  0.173   0.853110
 (  0.000 ,  0.187 ,  0.000 )    2    5  0.173   0.858414
 (  0.000 ,  0.187 ,  0.000 )    2    6  0.173   0.880173
 (  0.000 ,  0.187 ,  0.000 )    2    7  0.173   0.931183
 (  0.000 ,  0.187 ,  0.000 )    2    8  0.173   0.940559
 (  0.000 ,  0.187 ,  0.000 )    2    9  0.173   0.960593
 (  0.000 ,  0.187 ,  0.000 )    2   10  0.173   0.874101
 (  0.000 ,  0.187 ,  0.000 )    2   11  0.173   0.735705
 (  0.000 ,  0.187 ,  0.000 )    2   12  0.173   0.347672
 (  0.000 ,  0.187 ,  0.000 )    2   13  0.173   0.351587
 (  0.000 ,  0.187 ,  0.000 )    2   14  0.173   0.289839
 (  0.000 ,  0.200 ,  0.000 )    2    1  0.158   0.845845
 (  0.000 ,  0.200 ,  0.000 )    2    2  0.158   0.871905
 (  0.000 ,  0.200 ,  0.000 )    2    3  0.158   0.905942
 (  0.000 ,  0.200 ,  0.000 )    2    4  0.158   0.881914
 (  0.000 ,  0.200 ,  0.000 )    2    5  0.158   0.894866
 (  0.000 ,  0.200 ,  0.000 )    2    6  0.158   0.886656
 (  0.000 ,  0.200 ,  0.000 )    2    7  0.158   0.942804
 (  0.000 ,  0.200 ,  0.000 )    2    8  0.158   0.951282
 (  0.000 ,  0.200 ,  0.000 )    2    9  0.158   0.965212
 (  0.000 ,  0.200 ,  0.000 )    2   10  0.158   0.884544
 (  0.000 ,  0.200 ,  0.000 )    2   11  0.158   0.788644
 (  0.000 ,  0.200 ,  0.000 )    2   12  0.158   0.376908
 (  0.000 ,  0.200 ,  0.000 )    2   13  0.158   0.407855
 (  0.000 ,  0.200 ,  0.000 )    2   14  0.158   0.321225
 (  0.000 ,  0.212 ,  0.000 )    2    1  0.143   0.876066
 (  0.000 ,  0.212 ,  0.000 )    2    2  0.143   0.919685
 (  0.000 ,  0.212 ,  0.000 )    2    3  0.143   0.897841
 (  0.000 ,  0.212 ,  0.000 )    2    4  0.143   0.905722
 (  0.000 ,  0.212 ,  0.000 )    2    5  0.143   0.909404
 (  0.000 ,  0.212 ,  0.000 )    2    6  0.143   0.910611
 (  0.000 ,  0.212 ,  0.000 )    2    7  0.143   0.953280
 (  0.000 ,  0.212 ,  0.000 )    2    8  0.143   0.960794
 (  0.000 ,  0.212 ,  0.000 )    2    9  0.143   0.969584
 (  0.000 ,  0.212 ,  0.000 )    2   10  0.143   0.895296
 (  0.000 ,  0.212 ,  0.000 )    2   11  0.143   0.831949
 (  0.000 ,  0.212 ,  0.000 )    2   12  0.143   0.428822
 (  0.000 ,  0.212 ,  0.000 )    2   13  0.143   0.472633
 (  0.000 ,  0.212 ,  0.000 )    2   14  0.143   0.345755
 ( -0.000 ,  0.225 ,  0.000 )    2    1  0.129   0.903515
 ( -0.000 ,  0.225 ,  0.000 )    2    2  0.129   0.932879
 ( -0.000 ,  0.225 ,  0.000 )    2    3  0.129   0.920433
 ( -0.000 ,  0.225 ,  0.000 )    2    4  0.129   0.925908
 ( -0.000 ,  0.225 ,  0.000 )    2    5  0.129   0.923606
 ( -0.000 ,  0.225 ,  0.000 )    2    6  0.129   0.930779
 ( -0.000 ,  0.225 ,  0.000 )    2    7  0.129   0.962677
 ( -0.000 ,  0.225 ,  0.000 )    2    8  0.129   0.969136
 ( -0.000 ,  0.225 ,  0.000 )    2    9  0.129   0.973819
 ( -0.000 ,  0.225 ,  0.000 )    2   10  0.129   0.906582
 ( -0.000 ,  0.225 ,  0.000 )    2   11  0.129   0.870386
 ( -0.000 ,  0.225 ,  0.000 )    2   12  0.129   0.492276
 ( -0.000 ,  0.225 ,  0.000 )    2   13  0.129   0.542916
 ( -0.000 ,  0.225 ,  0.000 )    2   14  0.129   0.354830
 (  0.000 ,  0.237 ,  0.000 )    2    1  0.114   0.927473
 (  0.000 ,  0.237 ,  0.000 )    2    2  0.114   0.945404
 (  0.000 ,  0.237 ,  0.000 )    2    3  0.114   0.939597
 (  0.000 ,  0.237 ,  0.000 )    2    4  0.114   0.943090
 (  0.000 ,  0.237 ,  0.000 )    2    5  0.114   0.937308
 (  0.000 ,  0.237 ,  0.000 )    2    6  0.114   0.947639
 (  0.000 ,  0.237 ,  0.000 )    2    7  0.114   0.971010
 (  0.000 ,  0.237 ,  0.000 )    2    8  0.114   0.976357
 (  0.000 ,  0.237 ,  0.000 )    2    9  0.114   0.977905
 (  0.000 ,  0.237 ,  0.000 )    2   10  0.114   0.918584
 (  0.000 ,  0.237 ,  0.000 )    2   11  0.114   0.904979
 (  0.000 ,  0.237 ,  0.000 )    2   12  0.114   0.558107
 (  0.000 ,  0.237 ,  0.000 )    2   13  0.114   0.618349
 (  0.000 ,  0.237 ,  0.000 )    2   14  0.114   0.344740
 (  0.000 ,  0.250 ,  0.000 )    2    1  0.099   0.947616
 (  0.000 ,  0.250 ,  0.000 )    2    2  0.099   0.957111
 (  0.000 ,  0.250 ,  0.000 )    2    3  0.099   0.955557
 (  0.000 ,  0.250 ,  0.000 )    2    4  0.099   0.950322
 (  0.000 ,  0.250 ,  0.000 )    2    5  0.099   0.957619
 (  0.000 ,  0.250 ,  0.000 )    2    6  0.099   0.961605
 (  0.000 ,  0.250 ,  0.000 )    2    7  0.099   0.978277
 (  0.000 ,  0.250 ,  0.000 )    2    8  0.099   0.982504
 (  0.000 ,  0.250 ,  0.000 )    2    9  0.099   0.981753
 (  0.000 ,  0.250 ,  0.000 )    2   10  0.099   0.931416
 (  0.000 ,  0.250 ,  0.000 )    2   11  0.099   0.933093
 (  0.000 ,  0.250 ,  0.000 )    2   12  0.099   0.623354
 (  0.000 ,  0.250 ,  0.000 )    2   13  0.099   0.697986
 (  0.000 ,  0.250 ,  0.000 )    2   14  0.099   0.323335
 ( -0.000 ,  0.263 ,  0.000 )    2    1  0.084   0.963957
 ( -0.000 ,  0.263 ,  0.000 )    2    2  0.084   0.967831
 ( -0.000 ,  0.263 ,  0.000 )    2    3  0.084   0.968624
 ( -0.000 ,  0.263 ,  0.000 )    2    4  0.084   0.962426
 ( -0.000 ,  0.263 ,  0.000 )    2    5  0.084   0.969742
 ( -0.000 ,  0.263 ,  0.000 )    2    6  0.084   0.973020
 ( -0.000 ,  0.263 ,  0.000 )    2    7  0.084   0.984476
 ( -0.000 ,  0.263 ,  0.000 )    2    8  0.084   0.987630
 ( -0.000 ,  0.263 ,  0.000 )    2    9  0.084   0.985276
 ( -0.000 ,  0.263 ,  0.000 )    2   10  0.084   0.945014
 ( -0.000 ,  0.263 ,  0.000 )    2   11  0.084   0.953024
 ( -0.000 ,  0.263 ,  0.000 )    2   12  0.084   0.688777
 ( -0.000 ,  0.263 ,  0.000 )    2   13  0.084   0.777180
 ( -0.000 ,  0.263 ,  0.000 )    2   14  0.084   0.363018
 (  0.000 ,  0.275 ,  0.000 )    2    1  0.069   0.976734
 (  0.000 ,  0.275 ,  0.000 )    2    2  0.069   0.977375
 (  0.000 ,  0.275 ,  0.000 )    2    3  0.069   0.979104
 (  0.000 ,  0.275 ,  0.000 )    2    4  0.069   0.973363
 (  0.000 ,  0.275 ,  0.000 )    2    5  0.069   0.979654
 (  0.000 ,  0.275 ,  0.000 )    2    6  0.069   0.982159
 (  0.000 ,  0.275 ,  0.000 )    2    7  0.069   0.989609
 (  0.000 ,  0.275 ,  0.000 )    2    8  0.069   0.991789
 (  0.000 ,  0.275 ,  0.000 )    2    9  0.069   0.988517
 (  0.000 ,  0.275 ,  0.000 )    2   10  0.069   0.958940
 (  0.000 ,  0.275 ,  0.000 )    2   11  0.069   0.966936
 (  0.000 ,  0.275 ,  0.000 )    2   12  0.069   0.754318
 (  0.000 ,  0.275 ,  0.000 )    2   13  0.069   0.849694
 (  0.000 ,  0.275 ,  0.000 )    2   14  0.069   0.752328
 (  0.000 ,  0.288 ,  0.000 )    2    1  0.054   0.986306
 (  0.000 ,  0.288 ,  0.000 )    2    2  0.054   0.985534
 (  0.000 ,  0.288 ,  0.000 )    2    3  0.054   0.987263
 (  0.000 ,  0.288 ,  0.000 )    2    4  0.054   0.982845
 (  0.000 ,  0.288 ,  0.000 )    2    5  0.054   0.987506
 (  0.000 ,  0.288 ,  0.000 )    2    6  0.054   0.989237
 (  0.000 ,  0.288 ,  0.000 )    2    7  0.054   0.993684
 (  0.000 ,  0.288 ,  0.000 )    2    8  0.054   0.995036
 (  0.000 ,  0.288 ,  0.000 )    2    9  0.054   0.991649
 (  0.000 ,  0.288 ,  0.000 )    2   10  0.054   0.972292
 (  0.000 ,  0.288 ,  0.000 )    2   11  0.054   0.977940
 (  0.000 ,  0.288 ,  0.000 )    2   12  0.054   0.819776
 (  0.000 ,  0.288 ,  0.000 )    2   13  0.054   0.910933
 (  0.000 ,  0.288 ,  0.000 )    2   14  0.054   0.852571
 ( -0.000 ,  0.300 ,  0.000 )    2    1  0.040   0.993071
 ( -0.000 ,  0.300 ,  0.000 )    2    2  0.040   0.992087
 ( -0.000 ,  0.300 ,  0.000 )    2    3  0.040   0.993311
 ( -0.000 ,  0.300 ,  0.000 )    2    4  0.040   0.990556
 ( -0.000 ,  0.300 ,  0.000 )    2    5  0.040   0.993407
 ( -0.000 ,  0.300 ,  0.000 )    2    6  0.040   0.994426
 ( -0.000 ,  0.300 ,  0.000 )    2    7  0.040   0.996719
 ( -0.000 ,  0.300 ,  0.000 )    2    8  0.040   0.997426
 ( -0.000 ,  0.300 ,  0.000 )    2    9  0.040   0.994698
 ( -0.000 ,  0.300 ,  0.000 )    2   10  0.040   0.983976
 ( -0.000 ,  0.300 ,  0.000 )    2   11  0.040   0.987425
 ( -0.000 ,  0.300 ,  0.000 )    2   12  0.040   0.889053
 ( -0.000 ,  0.300 ,  0.000 )    2   13  0.040   0.955693
 ( -0.000 ,  0.300 ,  0.000 )    2   14  0.040   0.902316
 (  0.000 ,  0.312 ,  0.000 )    2    1  0.025   0.997398
 (  0.000 ,  0.312 ,  0.000 )    2    2  0.025   0.996809
 (  0.000 ,  0.312 ,  0.000 )    2    3  0.025   0.997390
 (  0.000 ,  0.312 ,  0.000 )    2    4  0.025   0.996172
 (  0.000 ,  0.312 ,  0.000 )    2    5  0.025   0.997424
 (  0.000 ,  0.312 ,  0.000 )    2    6  0.025   0.997864
 (  0.000 ,  0.312 ,  0.000 )    2    7  0.025   0.998745
 (  0.000 ,  0.312 ,  0.000 )    2    8  0.025   0.999013
 (  0.000 ,  0.312 ,  0.000 )    2    9  0.025   0.997469
 (  0.000 ,  0.312 ,  0.000 )    2   10  0.025   0.993081
 (  0.000 ,  0.312 ,  0.000 )    2   11  0.025   0.994932
 (  0.000 ,  0.312 ,  0.000 )    2   12  0.025   0.965049
 (  0.000 ,  0.312 ,  0.000 )    2   13  0.025   0.976926
 (  0.000 ,  0.312 ,  0.000 )    2   14  0.025   0.935693
 ( -0.000 ,  0.325 ,  0.000 )    2    1  0.010   0.999597
 ( -0.000 ,  0.325 ,  0.000 )    2    2  0.010   0.999474
 ( -0.000 ,  0.325 ,  0.000 )    2    3  0.010   0.999581
 ( -0.000 ,  0.325 ,  0.000 )    2    4  0.010   0.999366
 ( -0.000 ,  0.325 ,  0.000 )    2    5  0.010   0.999587
 ( -0.000 ,  0.325 ,  0.000 )    2    6  0.010   0.999664
 ( -0.000 ,  0.325 ,  0.000 )    2    7  0.010   0.999804
 ( -0.000 ,  0.325 ,  0.000 )    2    8  0.010   0.999845
 ( -0.000 ,  0.325 ,  0.000 )    2    9  0.010   0.999516
 ( -0.000 ,  0.325 ,  0.000 )    2   10  0.010   0.998766
 ( -0.000 ,  0.325 ,  0.000 )    2   11  0.010   0.999199
 ( -0.000 ,  0.325 ,  0.000 )    2   12  0.010   0.996124
 ( -0.000 ,  0.325 ,  0.000 )    2   13  0.010   0.996295
 ( -0.000 ,  0.325 ,  0.000 )    2   14  0.010   0.979238
 (  0.000 ,  0.337 ,  0.000 )    2    1  0.005   0.999902
 (  0.000 ,  0.337 ,  0.000 )    2    2  0.005   0.999865
 (  0.000 ,  0.337 ,  0.000 )    2    3  0.005   0.999894
 (  0.000 ,  0.337 ,  0.000 )    2    4  0.005   0.999837
 (  0.000 ,  0.337 ,  0.000 )    2    5  0.005   0.999896
 (  0.000 ,  0.337 ,  0.000 )    2    6  0.005   0.999917
 (  0.000 ,  0.337 ,  0.000 )    2    7  0.005   0.999952
 (  0.000 ,  0.337 ,  0.000 )    2    8  0.005   0.999962
 (  0.000 ,  0.337 ,  0.000 )    2    9  0.005   0.999864
 (  0.000 ,  0.337 ,  0.000 )    2   10  0.005   0.999698
 (  0.000 ,  0.337 ,  0.000 )    2   11  0.005   0.999764
 (  0.000 ,  0.337 ,  0.000 )    2   12  0.005   0.999283
 (  0.000 ,  0.337 ,  0.000 )    2   13  0.005   0.998865
 (  0.000 ,  0.337 ,  0.000 )    2   14  0.005   0.987405
 (  0.000 ,  0.350 ,  0.000 )    2    1  0.020   0.998463
 (  0.000 ,  0.350 ,  0.000 )    2    2  0.020   0.997780
 (  0.000 ,  0.350 ,  0.000 )    2    3  0.020   0.997317
 (  0.000 ,  0.350 ,  0.000 )    2    4  0.020   0.998282
 (  0.000 ,  0.350 ,  0.000 )    2    5  0.020   0.998337
 (  0.000 ,  0.350 ,  0.000 )    2    6  0.020   0.998693
 (  0.000 ,  0.350 ,  0.000 )    2    7  0.020   0.999259
 (  0.000 ,  0.350 ,  0.000 )    2    8  0.020   0.999396
 (  0.000 ,  0.350 ,  0.000 )    2    9  0.020   0.997659
 (  0.000 ,  0.350 ,  0.000 )    2   10  0.020   0.996313
 (  0.000 ,  0.350 ,  0.000 )    2   11  0.020   0.994494
 (  0.000 ,  0.350 ,  0.000 )    2   12  0.020   0.990905
 (  0.000 ,  0.350 ,  0.000 )    2   13  0.020   0.978876
 (  0.000 ,  0.350 ,  0.000 )    2   14  0.020   0.628330
 ( -0.000 ,  0.362 ,  0.000 )    2    1  0.035   0.995356
 ( -0.000 ,  0.362 ,  0.000 )    2    2  0.035   0.993040
 ( -0.000 ,  0.362 ,  0.000 )    2    3  0.035   0.991595
 ( -0.000 ,  0.362 ,  0.000 )    2    4  0.035   0.994637
 ( -0.000 ,  0.362 ,  0.000 )    2    5  0.035   0.994895
 ( -0.000 ,  0.362 ,  0.000 )    2    6  0.035   0.996031
 ( -0.000 ,  0.362 ,  0.000 )    2    7  0.035   0.997804
 ( -0.000 ,  0.362 ,  0.000 )    2    8  0.035   0.998172
 ( -0.000 ,  0.362 ,  0.000 )    2    9  0.035   0.992569
 ( -0.000 ,  0.362 ,  0.000 )    2   10  0.035   0.989850
 ( -0.000 ,  0.362 ,  0.000 )    2   11  0.035   0.978690
 ( -0.000 ,  0.362 ,  0.000 )    2   12  0.035   0.978884
 ( -0.000 ,  0.362 ,  0.000 )    2   13  0.035   0.929814
 ( -0.000 ,  0.362 ,  0.000 )    2   14  0.035   0.356474
 (  0.000 ,  0.375 ,  0.000 )    2    1  0.049   0.990591
 (  0.000 ,  0.375 ,  0.000 )    2    2  0.049   0.985493
 (  0.000 ,  0.375 ,  0.000 )    2    3  0.049   0.982528
 (  0.000 ,  0.375 ,  0.000 )    2    4  0.049   0.988802
 (  0.000 ,  0.375 ,  0.000 )    2    5  0.049   0.989580
 (  0.000 ,  0.375 ,  0.000 )    2    6  0.049   0.991933
 (  0.000 ,  0.375 ,  0.000 )    2    7  0.049   0.995672
 (  0.000 ,  0.375 ,  0.000 )    2    8  0.049   0.996305
 (  0.000 ,  0.375 ,  0.000 )    2    9  0.049   0.984639
 (  0.000 ,  0.375 ,  0.000 )    2   10  0.049   0.976189
 (  0.000 ,  0.375 ,  0.000 )    2   11  0.049   0.953917
 (  0.000 ,  0.375 ,  0.000 )    2   12  0.049   0.969171
 (  0.000 ,  0.375 ,  0.000 )    2   13  0.049   0.852816
 (  0.000 ,  0.375 ,  0.000 )    2   14  0.049   0.328764
 ( -0.000 ,  0.388 ,  0.000 )    2    1  0.064   0.975020
 ( -0.000 ,  0.388 ,  0.000 )    2    2  0.064   0.984132
 ( -0.000 ,  0.388 ,  0.000 )    2    3  0.064   0.970045
 ( -0.000 ,  0.388 ,  0.000 )    2    4  0.064   0.980574
 ( -0.000 ,  0.388 ,  0.000 )    2    5  0.064   0.982440
 ( -0.000 ,  0.388 ,  0.000 )    2    6  0.064   0.986345
 ( -0.000 ,  0.388 ,  0.000 )    2    7  0.064   0.992944
 ( -0.000 ,  0.388 ,  0.000 )    2    8  0.064   0.993814
 ( -0.000 ,  0.388 ,  0.000 )    2    9  0.064   0.974104
 ( -0.000 ,  0.388 ,  0.000 )    2   10  0.064   0.956546
 ( -0.000 ,  0.388 ,  0.000 )    2   11  0.064   0.926187
 ( -0.000 ,  0.388 ,  0.000 )    2   12  0.064   0.958326
 ( -0.000 ,  0.388 ,  0.000 )    2   13  0.064   0.756783
 ( -0.000 ,  0.388 ,  0.000 )    2   14  0.064   0.368805
 (  0.000 ,  0.400 ,  0.000 )    2    1  0.079   0.961539
 (  0.000 ,  0.400 ,  0.000 )    2    2  0.079   0.975917
 (  0.000 ,  0.400 ,  0.000 )    2    3  0.079   0.954153
 (  0.000 ,  0.400 ,  0.000 )    2    4  0.079   0.969719
 (  0.000 ,  0.400 ,  0.000 )    2    5  0.079   0.973571
 (  0.000 ,  0.400 ,  0.000 )    2    6  0.079   0.979162
 (  0.000 ,  0.400 ,  0.000 )    2    7  0.079   0.989697
 (  0.000 ,  0.400 ,  0.000 )    2    8  0.079   0.990716
 (  0.000 ,  0.400 ,  0.000 )    2    9  0.079   0.961274
 (  0.000 ,  0.400 ,  0.000 )    2   10  0.079   0.934353
 (  0.000 ,  0.400 ,  0.000 )    2   11  0.079   0.896329
 (  0.000 ,  0.400 ,  0.000 )    2   12  0.079   0.916913
 (  0.000 ,  0.400 ,  0.000 )    2   13  0.079   0.682954
 (  0.000 ,  0.400 ,  0.000 )    2   14  0.079   0.421469
 ( -0.000 ,  0.412 ,  0.000 )    2    1  0.094   0.945008
 ( -0.000 ,  0.412 ,  0.000 )    2    2  0.094   0.965894
 ( -0.000 ,  0.412 ,  0.000 )    2    3  0.094   0.934930
 ( -0.000 ,  0.412 ,  0.000 )    2    4  0.094   0.955977
 ( -0.000 ,  0.412 ,  0.000 )    2    5  0.094   0.963105
 ( -0.000 ,  0.412 ,  0.000 )    2    6  0.094   0.970233
 ( -0.000 ,  0.412 ,  0.000 )    2    7  0.094   0.985991
 ( -0.000 ,  0.412 ,  0.000 )    2    8  0.094   0.987037
 ( -0.000 ,  0.412 ,  0.000 )    2    9  0.094   0.946463
 ( -0.000 ,  0.412 ,  0.000 )    2   10  0.094   0.910788
 ( -0.000 ,  0.412 ,  0.000 )    2   11  0.094   0.862425
 ( -0.000 ,  0.412 ,  0.000 )    2   12  0.094   0.762129
 ( -0.000 ,  0.412 ,  0.000 )    2   13  0.094   0.728417
 ( -0.000 ,  0.412 ,  0.000 )    2   14  0.094   0.460580
 ( -0.000 ,  0.425 ,  0.000 )    2    1  0.109   0.925428
 ( -0.000 ,  0.425 ,  0.000 )    2    2  0.109   0.912519
 ( -0.000 ,  0.425 ,  0.000 )    2    3  0.109   0.954063
 ( -0.000 ,  0.425 ,  0.000 )    2    4  0.109   0.939086
 ( -0.000 ,  0.425 ,  0.000 )    2    5  0.109   0.951184
 ( -0.000 ,  0.425 ,  0.000 )    2    6  0.109   0.959391
 ( -0.000 ,  0.425 ,  0.000 )    2    7  0.109   0.981870
 ( -0.000 ,  0.425 ,  0.000 )    2    8  0.109   0.982808
 ( -0.000 ,  0.425 ,  0.000 )    2    9  0.109   0.929954
 ( -0.000 ,  0.425 ,  0.000 )    2   10  0.109   0.886279
 ( -0.000 ,  0.425 ,  0.000 )    2   11  0.109   0.817825
 ( -0.000 ,  0.425 ,  0.000 )    2   12  0.109   0.640043
 ( -0.000 ,  0.425 ,  0.000 )    2   13  0.109   0.761326
 ( -0.000 ,  0.425 ,  0.000 )    2   14  0.109   0.473491
 ( -0.000 ,  0.438 ,  0.000 )    2    1  0.124   0.902852
 ( -0.000 ,  0.438 ,  0.000 )    2    2  0.124   0.887115
 ( -0.000 ,  0.438 ,  0.000 )    2    3  0.124   0.940523
 ( -0.000 ,  0.438 ,  0.000 )    2    4  0.124   0.918798
 ( -0.000 ,  0.438 ,  0.000 )    2    5  0.124   0.937913
 ( -0.000 ,  0.438 ,  0.000 )    2    6  0.124   0.946486
 ( -0.000 ,  0.438 ,  0.000 )    2    7  0.124   0.977367
 ( -0.000 ,  0.438 ,  0.000 )    2    8  0.124   0.978068
 ( -0.000 ,  0.438 ,  0.000 )    2    9  0.124   0.911983
 ( -0.000 ,  0.438 ,  0.000 )    2   10  0.124   0.861055
 ( -0.000 ,  0.438 ,  0.000 )    2   11  0.124   0.742362
 ( -0.000 ,  0.438 ,  0.000 )    2   12  0.124   0.590125
 ( -0.000 ,  0.438 ,  0.000 )    2   13  0.124   0.764650
 ( -0.000 ,  0.438 ,  0.000 )    2   14  0.124   0.458895
 (  0.000 ,  0.450 ,  0.000 )    2    1  0.138   0.877383
 (  0.000 ,  0.450 ,  0.000 )    2    2  0.138   0.858956
 (  0.000 ,  0.450 ,  0.000 )    2    3  0.138   0.925528
 (  0.000 ,  0.450 ,  0.000 )    2    4  0.138   0.894927
 (  0.000 ,  0.450 ,  0.000 )    2    5  0.138   0.923313
 (  0.000 ,  0.450 ,  0.000 )    2    6  0.138   0.931417
 (  0.000 ,  0.450 ,  0.000 )    2    7  0.138   0.972497
 (  0.000 ,  0.450 ,  0.000 )    2    8  0.138   0.972856
 (  0.000 ,  0.450 ,  0.000 )    2    9  0.138   0.892729
 (  0.000 ,  0.450 ,  0.000 )    2   10  0.138   0.835253
 (  0.000 ,  0.450 ,  0.000 )    2   11  0.138   0.629008
 (  0.000 ,  0.450 ,  0.000 )    2   12  0.138   0.597621
 (  0.000 ,  0.450 ,  0.000 )    2   13  0.138   0.758481
 (  0.000 ,  0.450 ,  0.000 )    2   14  0.138   0.424710
 ( -0.000 ,  0.463 ,  0.000 )    2    1  0.153   0.849185
 ( -0.000 ,  0.463 ,  0.000 )    2    2  0.153   0.828310
 ( -0.000 ,  0.463 ,  0.000 )    2    3  0.153   0.909457
 ( -0.000 ,  0.463 ,  0.000 )    2    4  0.153   0.867467
 ( -0.000 ,  0.463 ,  0.000 )    2    5  0.153   0.907301
 ( -0.000 ,  0.463 ,  0.000 )    2    6  0.153   0.914108
 ( -0.000 ,  0.463 ,  0.000 )    2    7  0.153   0.967265
 ( -0.000 ,  0.463 ,  0.000 )    2    8  0.153   0.967210
 ( -0.000 ,  0.463 ,  0.000 )    2    9  0.153   0.872315
 ( -0.000 ,  0.463 ,  0.000 )    2   10  0.153   0.808947
 ( -0.000 ,  0.463 ,  0.000 )    2   11  0.153   0.533577
 ( -0.000 ,  0.463 ,  0.000 )    2   12  0.153   0.598947
 ( -0.000 ,  0.463 ,  0.000 )    2   13  0.153   0.745891
 ( -0.000 ,  0.463 ,  0.000 )    2   14  0.153   0.384002
 (  0.000 ,  0.475 ,  0.000 )    2    1  0.168   0.818484
 (  0.000 ,  0.475 ,  0.000 )    2    2  0.168   0.795468
 (  0.000 ,  0.475 ,  0.000 )    2    3  0.168   0.892524
 (  0.000 ,  0.475 ,  0.000 )    2    4  0.168   0.836963
 (  0.000 ,  0.475 ,  0.000 )    2    5  0.168   0.889716
 (  0.000 ,  0.475 ,  0.000 )    2    6  0.168   0.894447
 (  0.000 ,  0.475 ,  0.000 )    2    7  0.168   0.961665
 (  0.000 ,  0.475 ,  0.000 )    2    8  0.168   0.961170
 (  0.000 ,  0.475 ,  0.000 )    2    9  0.168   0.850820
 (  0.000 ,  0.475 ,  0.000 )    2   10  0.168   0.782161
 (  0.000 ,  0.475 ,  0.000 )    2   11  0.168   0.472906
 (  0.000 ,  0.475 ,  0.000 )    2   12  0.168   0.574309
 (  0.000 ,  0.475 ,  0.000 )    2   13  0.168   0.720403
 (  0.000 ,  0.475 ,  0.000 )    2   14  0.168   0.352701
 (  0.000 ,  0.487 ,  0.000 )    2    1  0.183   0.785570
 (  0.000 ,  0.487 ,  0.000 )    2    2  0.183   0.760736
 (  0.000 ,  0.487 ,  0.000 )    2    3  0.183   0.873780
 (  0.000 ,  0.487 ,  0.000 )    2    4  0.183   0.805494
 (  0.000 ,  0.487 ,  0.000 )    2    5  0.183   0.870422
 (  0.000 ,  0.487 ,  0.000 )    2    6  0.183   0.872179
 (  0.000 ,  0.487 ,  0.000 )    2    7  0.183   0.955679
 (  0.000 ,  0.487 ,  0.000 )    2    8  0.183   0.954771
 (  0.000 ,  0.487 ,  0.000 )    2    9  0.183   0.828311
 (  0.000 ,  0.487 ,  0.000 )    2   10  0.183   0.754894
 (  0.000 ,  0.487 ,  0.000 )    2   11  0.183   0.434670
 (  0.000 ,  0.487 ,  0.000 )    2   12  0.183   0.534901
 (  0.000 ,  0.487 ,  0.000 )    2   13  0.183   0.659286
 (  0.000 ,  0.487 ,  0.000 )    2   14  0.183   0.357446
 (  0.000 ,  0.500 ,  0.000 )    2    1  0.198   0.750792
 (  0.000 ,  0.500 ,  0.000 )    2    2  0.198   0.724432
 (  0.000 ,  0.500 ,  0.000 )    2    3  0.198   0.850145
 (  0.000 ,  0.500 ,  0.000 )    2    4  0.198   0.777459
 (  0.000 ,  0.500 ,  0.000 )    2    5  0.198   0.849454
 (  0.000 ,  0.500 ,  0.000 )    2    6  0.198   0.846890
 (  0.000 ,  0.500 ,  0.000 )    2    7  0.198   0.949282
 (  0.000 ,  0.500 ,  0.000 )    2    8  0.198   0.948047
 (  0.000 ,  0.500 ,  0.000 )    2    9  0.198   0.804872
 (  0.000 ,  0.500 ,  0.000 )    2   10  0.198   0.727133
 (  0.000 ,  0.500 ,  0.000 )    2   11  0.198   0.410813
 (  0.000 ,  0.500 ,  0.000 )    2   12  0.198   0.488507
 (  0.000 ,  0.500 ,  0.000 )    2   13  0.198   0.521886
 (  0.000 ,  0.500 ,  0.000 )    2   14  0.198   0.438811
 (  0.022 ,  0.489 ,  0.000 )    5    1  0.199   0.747149
 (  0.022 ,  0.489 ,  0.000 )    5    2  0.199   0.726587
 (  0.022 ,  0.489 ,  0.000 )    5    3  0.199   0.842457
 (  0.022 ,  0.489 ,  0.000 )    5    4  0.199   0.775187
 (  0.022 ,  0.489 ,  0.000 )    5    5  0.199   0.847879
 (  0.022 ,  0.489 ,  0.000 )    5    6  0.199   0.846997
 (  0.022 ,  0.489 ,  0.000 )    5    7  0.199   0.940007
 (  0.022 ,  0.489 ,  0.000 )    5    8  0.199   0.937492
 (  0.022 ,  0.489 ,  0.000 )    5    9  0.199   0.804223
 (  0.022 ,  0.489 ,  0.000 )    5   10  0.199   0.725166
 (  0.022 ,  0.489 ,  0.000 )    5   11  0.199   0.424336
 (  0.022 ,  0.489 ,  0.000 )    5   12  0.199   0.495580
 (  0.022 ,  0.489 ,  0.000 )    5   13  0.199   0.523221
 (  0.022 ,  0.489 ,  0.000 )    5   14  0.199   0.433028
 (  0.044 ,  0.478 ,  0.000 )    5    1  0.203   0.737065
 (  0.044 ,  0.478 ,  0.000 )    5    2  0.203   0.728459
 (  0.044 ,  0.478 ,  0.000 )    5    3  0.203   0.822918
 (  0.044 ,  0.478 ,  0.000 )    5    4  0.203   0.769849
 (  0.044 ,  0.478 ,  0.000 )    5    5  0.203   0.843126
 (  0.044 ,  0.478 ,  0.000 )    5    6  0.203   0.848701
 (  0.044 ,  0.478 ,  0.000 )    5    7  0.203   0.914085
 (  0.044 ,  0.478 ,  0.000 )    5    8  0.203   0.909603
 (  0.044 ,  0.478 ,  0.000 )    5    9  0.203   0.801555
 (  0.044 ,  0.478 ,  0.000 )    5   10  0.203   0.719258
 (  0.044 ,  0.478 ,  0.000 )    5   11  0.203   0.459560
 (  0.044 ,  0.478 ,  0.000 )    5   12  0.203   0.512031
 (  0.044 ,  0.478 ,  0.000 )    5   13  0.203   0.529949
 (  0.044 ,  0.478 ,  0.000 )    5   14  0.203   0.415888
 (  0.067 ,  0.467 ,  0.000 )    5    1  0.209   0.722197
 (  0.067 ,  0.467 ,  0.000 )    5    2  0.209   0.725273
 (  0.067 ,  0.467 ,  0.000 )    5    3  0.209   0.795145
 (  0.067 ,  0.467 ,  0.000 )    5    4  0.209   0.764285
 (  0.067 ,  0.467 ,  0.000 )    5    5  0.209   0.835125
 (  0.067 ,  0.467 ,  0.000 )    5    6  0.209   0.857813
 (  0.067 ,  0.467 ,  0.000 )    5    7  0.209   0.876509
 (  0.067 ,  0.467 ,  0.000 )    5    8  0.209   0.866596
 (  0.067 ,  0.467 ,  0.000 )    5    9  0.209   0.796795
 (  0.067 ,  0.467 ,  0.000 )    5   10  0.209   0.709607
 (  0.067 ,  0.467 ,  0.000 )    5   11  0.209   0.512792
 (  0.067 ,  0.467 ,  0.000 )    5   12  0.209   0.518979
 (  0.067 ,  0.467 ,  0.000 )    5   13  0.209   0.542617
 (  0.067 ,  0.467 ,  0.000 )    5   14  0.209   0.393283
 (  0.089 ,  0.456 ,  0.000 )    5    1  0.218   0.703992
 (  0.089 ,  0.456 ,  0.000 )    5    2  0.218   0.717360
 (  0.089 ,  0.456 ,  0.000 )    5    3  0.218   0.767694
 (  0.089 ,  0.456 ,  0.000 )    5    4  0.218   0.752663
 (  0.089 ,  0.456 ,  0.000 )    5    5  0.218   0.823861
 (  0.089 ,  0.456 ,  0.000 )    5    6  0.218   0.836119
 (  0.089 ,  0.456 ,  0.000 )    5    7  0.218   0.866908
 (  0.089 ,  0.456 ,  0.000 )    5    8  0.218   0.816870
 (  0.089 ,  0.456 ,  0.000 )    5    9  0.218   0.790515
 (  0.089 ,  0.456 ,  0.000 )    5   10  0.218   0.696841
 (  0.089 ,  0.456 ,  0.000 )    5   11  0.218   0.569139
 (  0.089 ,  0.456 ,  0.000 )    5   12  0.218   0.513216
 (  0.089 ,  0.456 ,  0.000 )    5   13  0.218   0.549955
 (  0.089 ,  0.456 ,  0.000 )    5   14  0.218   0.376586
 (  0.111 ,  0.444 ,  0.000 )    8    1  0.228   0.606222
 (  0.111 ,  0.444 ,  0.000 )    8    2  0.228   0.623987
 (  0.111 ,  0.444 ,  0.000 )    8    3  0.228   0.872183
 (  0.111 ,  0.444 ,  0.000 )    8    4  0.228   0.888185
 (  0.111 ,  0.444 ,  0.000 )    8    5  0.228   0.768694
 (  0.111 ,  0.444 ,  0.000 )    8    6  0.228   0.807060
 (  0.111 ,  0.444 ,  0.000 )    8    7  0.228   0.773162
 (  0.111 ,  0.444 ,  0.000 )    8    8  0.228   0.807560
 (  0.111 ,  0.444 ,  0.000 )    8    9  0.228   0.886976
 (  0.111 ,  0.444 ,  0.000 )    8   10  0.228   0.870908
 (  0.111 ,  0.444 ,  0.000 )    8   11  0.228   0.519962
 (  0.111 ,  0.444 ,  0.000 )    8   12  0.228   0.130457
 (  0.111 ,  0.444 ,  0.000 )    8   13  0.228   0.232066
 (  0.111 ,  0.444 ,  0.000 )    8   14  0.228   0.515903
 (  0.133 ,  0.433 ,  0.000 )    8    1  0.206   0.648391
 (  0.133 ,  0.433 ,  0.000 )    8    2  0.206   0.675522
 (  0.133 ,  0.433 ,  0.000 )    8    3  0.206   0.898484
 (  0.133 ,  0.433 ,  0.000 )    8    4  0.206   0.907614
 (  0.133 ,  0.433 ,  0.000 )    8    5  0.206   0.803795
 (  0.133 ,  0.433 ,  0.000 )    8    6  0.206   0.812461
 (  0.133 ,  0.433 ,  0.000 )    8    7  0.206   0.862621
 (  0.133 ,  0.433 ,  0.000 )    8    8  0.206   0.828265
 (  0.133 ,  0.433 ,  0.000 )    8    9  0.206   0.910584
 (  0.133 ,  0.433 ,  0.000 )    8   10  0.206   0.890141
 (  0.133 ,  0.433 ,  0.000 )    8   11  0.206   0.576848
 (  0.133 ,  0.433 ,  0.000 )    8   12  0.206   0.121540
 (  0.133 ,  0.433 ,  0.000 )    8   13  0.206   0.573733
 (  0.133 ,  0.433 ,  0.000 )    8   14  0.206   0.462735
 (  0.156 ,  0.422 ,  0.000 )    8    1  0.183   0.688483
 (  0.156 ,  0.422 ,  0.000 )    8    2  0.183   0.723852
 (  0.156 ,  0.422 ,  0.000 )    8    3  0.183   0.920247
 (  0.156 ,  0.422 ,  0.000 )    8    4  0.183   0.913611
 (  0.156 ,  0.422 ,  0.000 )    8    5  0.183   0.856256
 (  0.156 ,  0.422 ,  0.000 )    8    6  0.183   0.859185
 (  0.156 ,  0.422 ,  0.000 )    8    7  0.183   0.891463
 (  0.156 ,  0.422 ,  0.000 )    8    8  0.183   0.852287
 (  0.156 ,  0.422 ,  0.000 )    8    9  0.183   0.931629
 (  0.156 ,  0.422 ,  0.000 )    8   10  0.183   0.909563
 (  0.156 ,  0.422 ,  0.000 )    8   11  0.183   0.796347
 (  0.156 ,  0.422 ,  0.000 )    8   12  0.183   0.684081
 (  0.156 ,  0.422 ,  0.000 )    8   13  0.183   0.142609
 (  0.156 ,  0.422 ,  0.000 )    8   14  0.183   0.302833
 (  0.178 ,  0.411 ,  0.000 )    8    1  0.160   0.727639
 (  0.178 ,  0.411 ,  0.000 )    8    2  0.160   0.769383
 (  0.178 ,  0.411 ,  0.000 )    8    3  0.160   0.932818
 (  0.178 ,  0.411 ,  0.000 )    8    4  0.160   0.900275
 (  0.178 ,  0.411 ,  0.000 )    8    5  0.160   0.926117
 (  0.178 ,  0.411 ,  0.000 )    8    6  0.160   0.902031
 (  0.178 ,  0.411 ,  0.000 )    8    7  0.160   0.916154
 (  0.178 ,  0.411 ,  0.000 )    8    8  0.160   0.878187
 (  0.178 ,  0.411 ,  0.000 )    8    9  0.160   0.949527
 (  0.178 ,  0.411 ,  0.000 )    8   10  0.160   0.928302
 (  0.178 ,  0.411 ,  0.000 )    8   11  0.160   0.912615
 (  0.178 ,  0.411 ,  0.000 )    8   12  0.160   0.701830
 (  0.178 ,  0.411 ,  0.000 )    8   13  0.160   0.339949
 (  0.178 ,  0.411 ,  0.000 )    8   14  0.160   0.467134
 (  0.200 ,  0.400 ,  0.000 )    8    1  0.137   0.767373
 (  0.200 ,  0.400 ,  0.000 )    8    2  0.137   0.812945
 (  0.200 ,  0.400 ,  0.000 )    8    3  0.137   0.915607
 (  0.200 ,  0.400 ,  0.000 )    8    4  0.137   0.951456
 (  0.200 ,  0.400 ,  0.000 )    8    5  0.137   0.945614
 (  0.200 ,  0.400 ,  0.000 )    8    6  0.137   0.944081
 (  0.200 ,  0.400 ,  0.000 )    8    7  0.137   0.938038
 (  0.200 ,  0.400 ,  0.000 )    8    8  0.137   0.904453
 (  0.200 ,  0.400 ,  0.000 )    8    9  0.137   0.964203
 (  0.200 ,  0.400 ,  0.000 )    8   10  0.137   0.945625
 (  0.200 ,  0.400 ,  0.000 )    8   11  0.137   0.939411
 (  0.200 ,  0.400 ,  0.000 )    8   12  0.137   0.840134
 (  0.200 ,  0.400 ,  0.000 )    8   13  0.137   0.747748
 (  0.200 ,  0.400 ,  0.000 )    8   14  0.137   0.387831
 (  0.222 ,  0.389 ,  0.000 )    8    1  0.114   0.809162
 (  0.222 ,  0.389 ,  0.000 )    8    2  0.114   0.855226
 (  0.222 ,  0.389 ,  0.000 )    8    3  0.114   0.940129
 (  0.222 ,  0.389 ,  0.000 )    8    4  0.114   0.962758
 (  0.222 ,  0.389 ,  0.000 )    8    5  0.114   0.961687
 (  0.222 ,  0.389 ,  0.000 )    8    6  0.114   0.970975
 (  0.222 ,  0.389 ,  0.000 )    8    7  0.114   0.956967
 (  0.222 ,  0.389 ,  0.000 )    8    8  0.114   0.929811
 (  0.222 ,  0.389 ,  0.000 )    8    9  0.114   0.975878
 (  0.222 ,  0.389 ,  0.000 )    8   10  0.114   0.961003
 (  0.222 ,  0.389 ,  0.000 )    8   11  0.114   0.958293
 (  0.222 ,  0.389 ,  0.000 )    8   12  0.114   0.927940
 (  0.222 ,  0.389 ,  0.000 )    8   13  0.114   0.824644
 (  0.222 ,  0.389 ,  0.000 )    8   14  0.114   0.436767
 (  0.244 ,  0.378 ,  0.000 )    8    1  0.091   0.854002
 (  0.244 ,  0.378 ,  0.000 )    8    2  0.091   0.896246
 (  0.244 ,  0.378 ,  0.000 )    8    3  0.091   0.962376
 (  0.244 ,  0.378 ,  0.000 )    8    4  0.091   0.973794
 (  0.244 ,  0.378 ,  0.000 )    8    5  0.091   0.978563
 (  0.244 ,  0.378 ,  0.000 )    8    6  0.091   0.983068
 (  0.244 ,  0.378 ,  0.000 )    8    7  0.091   0.972541
 (  0.244 ,  0.378 ,  0.000 )    8    8  0.091   0.953065
 (  0.244 ,  0.378 ,  0.000 )    8    9  0.091   0.984870
 (  0.244 ,  0.378 ,  0.000 )    8   10  0.091   0.974130
 (  0.244 ,  0.378 ,  0.000 )    8   11  0.091   0.973244
 (  0.244 ,  0.378 ,  0.000 )    8   12  0.091   0.960841
 (  0.244 ,  0.378 ,  0.000 )    8   13  0.091   0.886406
 (  0.244 ,  0.378 ,  0.000 )    8   14  0.091   0.493889
 (  0.267 ,  0.367 ,  0.000 )    8    1  0.069   0.901504
 (  0.267 ,  0.367 ,  0.000 )    8    2  0.069   0.934824
 (  0.267 ,  0.367 ,  0.000 )    8    3  0.069   0.979503
 (  0.267 ,  0.367 ,  0.000 )    8    4  0.069   0.984918
 (  0.267 ,  0.367 ,  0.000 )    8    5  0.069   0.989204
 (  0.267 ,  0.367 ,  0.000 )    8    6  0.069   0.990582
 (  0.267 ,  0.367 ,  0.000 )    8    7  0.069   0.984451
 (  0.267 ,  0.367 ,  0.000 )    8    8  0.069   0.972978
 (  0.267 ,  0.367 ,  0.000 )    8    9  0.069   0.991484
 (  0.267 ,  0.367 ,  0.000 )    8   10  0.069   0.984964
 (  0.267 ,  0.367 ,  0.000 )    8   11  0.069   0.984752
 (  0.267 ,  0.367 ,  0.000 )    8   12  0.069   0.979983
 (  0.267 ,  0.367 ,  0.000 )    8   13  0.069   0.933202
 (  0.267 ,  0.367 ,  0.000 )    8   14  0.069   0.559449
 (  0.289 ,  0.356 ,  0.000 )    8    1  0.046   0.948145
 (  0.289 ,  0.356 ,  0.000 )    8    2  0.046   0.968074
 (  0.289 ,  0.356 ,  0.000 )    8    3  0.046   0.991265
 (  0.289 ,  0.356 ,  0.000 )    8    4  0.046   0.993396
 (  0.289 ,  0.356 ,  0.000 )    8    5  0.046   0.995527
 (  0.289 ,  0.356 ,  0.000 )    8    6  0.046   0.995684
 (  0.289 ,  0.356 ,  0.000 )    8    7  0.046   0.992824
 (  0.289 ,  0.356 ,  0.000 )    8    8  0.046   0.988116
 (  0.289 ,  0.356 ,  0.000 )    8    9  0.046   0.996046
 (  0.289 ,  0.356 ,  0.000 )    8   10  0.046   0.993630
 (  0.289 ,  0.356 ,  0.000 )    8   11  0.046   0.992579
 (  0.289 ,  0.356 ,  0.000 )    8   12  0.046   0.991708
 (  0.289 ,  0.356 ,  0.000 )    8   13  0.046   0.968418
 (  0.289 ,  0.356 ,  0.000 )    8   14  0.046   0.648778
 (  0.311 ,  0.344 ,  0.000 )    8    1  0.023   0.985211
 (  0.311 ,  0.344 ,  0.000 )    8    2  0.023   0.991432
 (  0.311 ,  0.344 ,  0.000 )    8    3  0.023   0.997923
 (  0.311 ,  0.344 ,  0.000 )    8    4  0.023   0.998397
 (  0.311 ,  0.344 ,  0.000 )    8    5  0.023   0.998917
 (  0.311 ,  0.344 ,  0.000 )    8    6  0.023   0.998856
 (  0.311 ,  0.344 ,  0.000 )    8    7  0.023   0.998088
 (  0.311 ,  0.344 ,  0.000 )    8    8  0.023   0.997160
 (  0.311 ,  0.344 ,  0.000 )    8    9  0.023   0.998908
 (  0.311 ,  0.344 ,  0.000 )    8   10  0.023   0.998477
 (  0.311 ,  0.344 ,  0.000 )    8   11  0.023   0.997954
 (  0.311 ,  0.344 ,  0.000 )    8   12  0.023   0.998100
 (  0.311 ,  0.344 ,  0.000 )    8   13  0.023   0.991524
 (  0.311 ,  0.344 ,  0.000 )    8   14  0.023   0.805178
 (  0.333 ,  0.333 ,  0.000 )    8    1  0.000   1.000000
 (  0.333 ,  0.333 ,  0.000 )    8    2  0.000   1.000000
 (  0.333 ,  0.333 ,  0.000 )    8    3  0.000   1.000000
 (  0.333 ,  0.333 ,  0.000 )    8    4  0.000   1.000000
 (  0.333 ,  0.333 ,  0.000 )    8    5  0.000   1.000000
 (  0.333 ,  0.333 ,  0.000 )    8    6  0.000   1.000000
 (  0.333 ,  0.333 ,  0.000 )    8    7  0.000   1.000000
 (  0.333 ,  0.333 ,  0.000 )    8    8  0.000   1.000000
 (  0.333 ,  0.333 ,  0.000 )    8    9  0.000   1.000000
 (  0.333 ,  0.333 ,  0.000 )    8   10  0.000   1.000000
 (  0.333 ,  0.333 ,  0.000 )    8   11  0.000   1.000000
 (  0.333 ,  0.333 ,  0.000 )    8   12  0.000   1.000000
 (  0.333 ,  0.333 ,  0.000 )    8   13  0.000   1.000000
 (  0.333 ,  0.333 ,  0.000 )    8   14  0.000   1.000000
 (  0.327 ,  0.327 ,  0.000 )    8    1  0.014   0.994344
 (  0.327 ,  0.327 ,  0.000 )    8    2  0.014   0.996833
 (  0.327 ,  0.327 ,  0.000 )    8    3  0.014   0.999318
 (  0.327 ,  0.327 ,  0.000 )    8    4  0.014   0.999450
 (  0.327 ,  0.327 ,  0.000 )    8    5  0.014   0.999569
 (  0.327 ,  0.327 ,  0.000 )    8    6  0.014   0.999558
 (  0.327 ,  0.327 ,  0.000 )    8    7  0.014   0.999264
 (  0.327 ,  0.327 ,  0.000 )    8    8  0.014   0.999060
 (  0.327 ,  0.327 ,  0.000 )    8    9  0.014   0.999534
 (  0.327 ,  0.327 ,  0.000 )    8   10  0.014   0.999447
 (  0.327 ,  0.327 ,  0.000 )    8   11  0.014   0.999276
 (  0.327 ,  0.327 ,  0.000 )    8   12  0.014   0.999305
 (  0.327 ,  0.327 ,  0.000 )    8   13  0.014   0.996574
 (  0.327 ,  0.327 ,  0.000 )    8   14  0.014   0.891726
 (  0.320 ,  0.320 ,  0.000 )    8    1  0.027   0.978162
 (  0.320 ,  0.320 ,  0.000 )    8    2  0.027   0.987624
 (  0.320 ,  0.320 ,  0.000 )    8    3  0.027   0.997374
 (  0.320 ,  0.320 ,  0.000 )    8    4  0.027   0.997821
 (  0.320 ,  0.320 ,  0.000 )    8    5  0.027   0.998121
 (  0.320 ,  0.320 ,  0.000 )    8    6  0.027   0.998213
 (  0.320 ,  0.320 ,  0.000 )    8    7  0.027   0.997042
 (  0.320 ,  0.320 ,  0.000 )    8    8  0.027   0.996327
 (  0.320 ,  0.320 ,  0.000 )    8    9  0.027   0.998057
 (  0.320 ,  0.320 ,  0.000 )    8   10  0.027   0.997657
 (  0.320 ,  0.320 ,  0.000 )    8   11  0.027   0.997492
 (  0.320 ,  0.320 ,  0.000 )    8   12  0.027   0.996874
 (  0.320 ,  0.320 ,  0.000 )    8   13  0.027   0.985728
 (  0.320 ,  0.320 ,  0.000 )    8   14  0.027   0.738847
 (  0.313 ,  0.313 ,  0.000 )    8    1  0.041   0.953900
 (  0.313 ,  0.313 ,  0.000 )    8    2  0.041   0.973300
 (  0.313 ,  0.313 ,  0.000 )    8    3  0.041   0.994311
 (  0.313 ,  0.313 ,  0.000 )    8    4  0.041   0.995098
 (  0.313 ,  0.313 ,  0.000 )    8    5  0.041   0.995394
 (  0.313 ,  0.313 ,  0.000 )    8    6  0.041   0.995912
 (  0.313 ,  0.313 ,  0.000 )    8    7  0.041   0.993365
 (  0.313 ,  0.313 ,  0.000 )    8    8  0.041   0.991879
 (  0.313 ,  0.313 ,  0.000 )    8    9  0.041   0.995487
 (  0.313 ,  0.313 ,  0.000 )    8   10  0.041   0.994508
 (  0.313 ,  0.313 ,  0.000 )    8   11  0.041   0.994938
 (  0.313 ,  0.313 ,  0.000 )    8   12  0.041   0.992275
 (  0.313 ,  0.313 ,  0.000 )    8   13  0.041   0.966608
 (  0.313 ,  0.313 ,  0.000 )    8   14  0.041   0.633593
 (  0.307 ,  0.307 ,  0.000 )    8    1  0.055   0.924849
 (  0.307 ,  0.307 ,  0.000 )    8    2  0.055   0.955290
 (  0.307 ,  0.307 ,  0.000 )    8    3  0.055   0.990260
 (  0.307 ,  0.307 ,  0.000 )    8    4  0.055   0.991152
 (  0.307 ,  0.307 ,  0.000 )    8    5  0.055   0.991150
 (  0.307 ,  0.307 ,  0.000 )    8    6  0.055   0.992532
 (  0.307 ,  0.307 ,  0.000 )    8    7  0.055   0.988309
 (  0.307 ,  0.307 ,  0.000 )    8    8  0.055   0.985726
 (  0.307 ,  0.307 ,  0.000 )    8    9  0.055   0.991778
 (  0.307 ,  0.307 ,  0.000 )    8   10  0.055   0.990108
 (  0.307 ,  0.307 ,  0.000 )    8   11  0.055   0.991579
 (  0.307 ,  0.307 ,  0.000 )    8   12  0.055   0.984960
 (  0.307 ,  0.307 ,  0.000 )    8   13  0.055   0.938281
 (  0.307 ,  0.307 ,  0.000 )    8   14  0.055   0.563761
 (  0.300 ,  0.300 ,  0.000 )    8    1  0.069   0.894169
 (  0.300 ,  0.300 ,  0.000 )    8    2  0.069   0.935272
 (  0.300 ,  0.300 ,  0.000 )    8    3  0.069   0.985318
 (  0.300 ,  0.300 ,  0.000 )    8    4  0.069   0.985657
 (  0.300 ,  0.300 ,  0.000 )    8    5  0.069   0.985257
 (  0.300 ,  0.300 ,  0.000 )    8    6  0.069   0.987904
 (  0.300 ,  0.300 ,  0.000 )    8    7  0.069   0.981960
 (  0.300 ,  0.300 ,  0.000 )    8    8  0.069   0.977825
 (  0.300 ,  0.300 ,  0.000 )    8    9  0.069   0.986895
 (  0.300 ,  0.300 ,  0.000 )    8   10  0.069   0.984647
 (  0.300 ,  0.300 ,  0.000 )    8   11  0.069   0.987218
 (  0.300 ,  0.300 ,  0.000 )    8   12  0.069   0.974165
 (  0.300 ,  0.300 ,  0.000 )    8   13  0.069   0.899479
 (  0.300 ,  0.300 ,  0.000 )    8   14  0.069   0.515377
 (  0.293 ,  0.293 ,  0.000 )    8    1  0.082   0.864397
 (  0.293 ,  0.293 ,  0.000 )    8    2  0.082   0.914906
 (  0.293 ,  0.293 ,  0.000 )    8    3  0.082   0.979520
 (  0.293 ,  0.293 ,  0.000 )    8    4  0.082   0.977937
 (  0.293 ,  0.293 ,  0.000 )    8    5  0.082   0.977818
 (  0.293 ,  0.293 ,  0.000 )    8    6  0.082   0.981850
 (  0.293 ,  0.293 ,  0.000 )    8    7  0.082   0.974392
 (  0.293 ,  0.293 ,  0.000 )    8    8  0.082   0.968100
 (  0.293 ,  0.293 ,  0.000 )    8    9  0.082   0.980808
 (  0.293 ,  0.293 ,  0.000 )    8   10  0.082   0.978283
 (  0.293 ,  0.293 ,  0.000 )    8   11  0.082   0.981545
 (  0.293 ,  0.293 ,  0.000 )    8   12  0.082   0.958793
 (  0.293 ,  0.293 ,  0.000 )    8   13  0.082   0.848193
 (  0.293 ,  0.293 ,  0.000 )    8   14  0.082   0.480582
 (  0.287 ,  0.287 ,  0.000 )    8    1  0.096   0.837491
 (  0.287 ,  0.287 ,  0.000 )    8    2  0.096   0.895563
 (  0.287 ,  0.287 ,  0.000 )    8    3  0.096   0.972780
 (  0.287 ,  0.287 ,  0.000 )    8    4  0.096   0.966783
 (  0.287 ,  0.287 ,  0.000 )    8    5  0.096   0.969356
 (  0.287 ,  0.287 ,  0.000 )    8    6  0.096   0.974259
 (  0.287 ,  0.287 ,  0.000 )    8    7  0.096   0.965632
 (  0.287 ,  0.287 ,  0.000 )    8    8  0.096   0.956481
 (  0.287 ,  0.287 ,  0.000 )    8    9  0.096   0.973482
 (  0.287 ,  0.287 ,  0.000 )    8   10  0.096   0.971115
 (  0.287 ,  0.287 ,  0.000 )    8   11  0.096   0.974031
 (  0.287 ,  0.287 ,  0.000 )    8   12  0.096   0.937256
 (  0.287 ,  0.287 ,  0.000 )    8   13  0.096   0.781456
 (  0.287 ,  0.287 ,  0.000 )    8   14  0.096   0.455286
 (  0.280 ,  0.280 ,  0.000 )    8    1  0.110   0.815223
 (  0.280 ,  0.280 ,  0.000 )    8    2  0.110   0.877975
 (  0.280 ,  0.280 ,  0.000 )    8    3  0.110   0.964755
 (  0.280 ,  0.280 ,  0.000 )    8    4  0.110   0.950412
 (  0.280 ,  0.280 ,  0.000 )    8    5  0.110   0.960893
 (  0.280 ,  0.280 ,  0.000 )    8    6  0.110   0.965267
 (  0.280 ,  0.280 ,  0.000 )    8    7  0.110   0.955643
 (  0.280 ,  0.280 ,  0.000 )    8    8  0.110   0.942943
 (  0.280 ,  0.280 ,  0.000 )    8    9  0.110   0.964881
 (  0.280 ,  0.280 ,  0.000 )    8   10  0.110   0.963171
 (  0.280 ,  0.280 ,  0.000 )    8   11  0.110   0.963695
 (  0.280 ,  0.280 ,  0.000 )    8   12  0.110   0.907332
 (  0.280 ,  0.280 ,  0.000 )    8   13  0.110   0.696538
 (  0.280 ,  0.280 ,  0.000 )    8   14  0.110   0.437919
 (  0.273 ,  0.273 ,  0.000 )    8    1  0.123   0.799816
 (  0.273 ,  0.273 ,  0.000 )    8    2  0.123   0.861647
 (  0.273 ,  0.273 ,  0.000 )    8    3  0.123   0.954545
 (  0.273 ,  0.273 ,  0.000 )    8    4  0.123   0.927288
 (  0.273 ,  0.273 ,  0.000 )    8    5  0.123   0.953258
 (  0.273 ,  0.273 ,  0.000 )    8    6  0.123   0.955589
 (  0.273 ,  0.273 ,  0.000 )    8    7  0.123   0.944333
 (  0.273 ,  0.273 ,  0.000 )    8    8  0.123   0.927517
 (  0.273 ,  0.273 ,  0.000 )    8    9  0.123   0.954969
 (  0.273 ,  0.273 ,  0.000 )    8   10  0.123   0.954392
 (  0.273 ,  0.273 ,  0.000 )    8   11  0.123   0.948555
 (  0.273 ,  0.273 ,  0.000 )    8   12  0.123   0.866333
 (  0.273 ,  0.273 ,  0.000 )    8   13  0.123   0.595193
 (  0.273 ,  0.273 ,  0.000 )    8   14  0.123   0.429331
 (  0.267 ,  0.267 ,  0.000 )    8    1  0.137   0.794572
 (  0.267 ,  0.267 ,  0.000 )    8    2  0.137   0.844224
 (  0.267 ,  0.267 ,  0.000 )    8    3  0.137   0.940002
 (  0.267 ,  0.267 ,  0.000 )    8    4  0.137   0.898945
 (  0.267 ,  0.267 ,  0.000 )    8    5  0.137   0.944902
 (  0.267 ,  0.267 ,  0.000 )    8    6  0.137   0.946780
 (  0.267 ,  0.267 ,  0.000 )    8    7  0.137   0.931598
 (  0.267 ,  0.267 ,  0.000 )    8    8  0.137   0.910257
 (  0.267 ,  0.267 ,  0.000 )    8    9  0.137   0.943708
 (  0.267 ,  0.267 ,  0.000 )    8   10  0.137   0.944623
 (  0.267 ,  0.267 ,  0.000 )    8   11  0.137   0.924247
 (  0.267 ,  0.267 ,  0.000 )    8   12  0.137   0.812709
 (  0.267 ,  0.267 ,  0.000 )    8   13  0.137   0.488250
 (  0.267 ,  0.267 ,  0.000 )    8   14  0.137   0.433121
 (  0.260 ,  0.260 ,  0.000 )    8    1  0.151   0.802580
 (  0.260 ,  0.260 ,  0.000 )    8    2  0.151   0.822834
 (  0.260 ,  0.260 ,  0.000 )    8    3  0.151   0.916595
 (  0.260 ,  0.260 ,  0.000 )    8    4  0.151   0.874684
 (  0.260 ,  0.260 ,  0.000 )    8    5  0.151   0.929182
 (  0.260 ,  0.260 ,  0.000 )    8    6  0.151   0.940496
 (  0.260 ,  0.260 ,  0.000 )    8    7  0.151   0.917372
 (  0.260 ,  0.260 ,  0.000 )    8    8  0.151   0.891211
 (  0.260 ,  0.260 ,  0.000 )    8    9  0.151   0.931053
 (  0.260 ,  0.260 ,  0.000 )    8   10  0.151   0.933575
 (  0.260 ,  0.260 ,  0.000 )    8   11  0.151   0.880773
 (  0.260 ,  0.260 ,  0.000 )    8   12  0.151   0.751733
 (  0.260 ,  0.260 ,  0.000 )    8   13  0.151   0.391199
 (  0.260 ,  0.260 ,  0.000 )    8   14  0.151   0.453754
 (  0.253 ,  0.253 ,  0.000 )    8    1  0.164   0.820425
 (  0.253 ,  0.253 ,  0.000 )    8    2  0.164   0.800725
 (  0.253 ,  0.253 ,  0.000 )    8    3  0.164   0.878353
 (  0.253 ,  0.253 ,  0.000 )    8    4  0.164   0.871492
 (  0.253 ,  0.253 ,  0.000 )    8    5  0.164   0.894955
 (  0.253 ,  0.253 ,  0.000 )    8    6  0.164   0.936781
 (  0.253 ,  0.253 ,  0.000 )    8    7  0.164   0.901644
 (  0.253 ,  0.253 ,  0.000 )    8    8  0.164   0.870411
 (  0.253 ,  0.253 ,  0.000 )    8    9  0.164   0.916940
 (  0.253 ,  0.253 ,  0.000 )    8   10  0.164   0.920721
 (  0.253 ,  0.253 ,  0.000 )    8   11  0.164   0.798673
 (  0.253 ,  0.253 ,  0.000 )    8   12  0.164   0.703250
 (  0.253 ,  0.253 ,  0.000 )    8   13  0.164   0.315914
 (  0.253 ,  0.253 ,  0.000 )    8   14  0.164   0.488956
 (  0.247 ,  0.247 ,  0.000 )    8    1  0.178   0.837259
 (  0.247 ,  0.247 ,  0.000 )    8    2  0.178   0.788724
 (  0.247 ,  0.247 ,  0.000 )    8    3  0.178   0.827739
 (  0.247 ,  0.247 ,  0.000 )    8    4  0.178   0.891976
 (  0.247 ,  0.247 ,  0.000 )    8    5  0.178   0.838511
 (  0.247 ,  0.247 ,  0.000 )    8    6  0.178   0.933861
 (  0.247 ,  0.247 ,  0.000 )    8    7  0.178   0.884459
 (  0.247 ,  0.247 ,  0.000 )    8    8  0.178   0.847884
 (  0.247 ,  0.247 ,  0.000 )    8    9  0.178   0.901267
 (  0.247 ,  0.247 ,  0.000 )    8   10  0.178   0.904965
 (  0.247 ,  0.247 ,  0.000 )    8   11  0.178   0.665730
 (  0.247 ,  0.247 ,  0.000 )    8   12  0.178   0.583729
 (  0.247 ,  0.247 ,  0.000 )    8   13  0.178   0.374643
 (  0.247 ,  0.247 ,  0.000 )    8   14  0.178   0.522895
 (  0.240 ,  0.240 ,  0.000 )    8    1  0.192   0.846604
 (  0.240 ,  0.240 ,  0.000 )    8    2  0.192   0.793214
 (  0.240 ,  0.240 ,  0.000 )    8    3  0.192   0.775240
 (  0.240 ,  0.240 ,  0.000 )    8    4  0.192   0.912290
 (  0.240 ,  0.240 ,  0.000 )    8    5  0.192   0.774807
 (  0.240 ,  0.240 ,  0.000 )    8    6  0.192   0.929657
 (  0.240 ,  0.240 ,  0.000 )    8    7  0.192   0.865910
 (  0.240 ,  0.240 ,  0.000 )    8    8  0.192   0.823669
 (  0.240 ,  0.240 ,  0.000 )    8    9  0.192   0.883831
 (  0.240 ,  0.240 ,  0.000 )    8   10  0.192   0.883515
 (  0.240 ,  0.240 ,  0.000 )    8   11  0.192   0.520728
 (  0.240 ,  0.240 ,  0.000 )    8   12  0.192   0.313205
 (  0.240 ,  0.240 ,  0.000 )    8   13  0.192   0.625115
 (  0.240 ,  0.240 ,  0.000 )    8   14  0.192   0.533148
 (  0.233 ,  0.233 ,  0.000 )    8    1  0.206   0.848180
 (  0.233 ,  0.233 ,  0.000 )    8    2  0.206   0.811698
 (  0.233 ,  0.233 ,  0.000 )    8    3  0.206   0.722250
 (  0.233 ,  0.233 ,  0.000 )    8    4  0.206   0.717541
 (  0.233 ,  0.233 ,  0.000 )    8    5  0.206   0.920840
 (  0.233 ,  0.233 ,  0.000 )    8    6  0.206   0.922760
 (  0.233 ,  0.233 ,  0.000 )    8    7  0.206   0.846128
 (  0.233 ,  0.233 ,  0.000 )    8    8  0.206   0.797836
 (  0.233 ,  0.233 ,  0.000 )    8    9  0.206   0.864212
 (  0.233 ,  0.233 ,  0.000 )    8   10  0.206   0.847185
 (  0.233 ,  0.233 ,  0.000 )    8   11  0.206   0.408824
 (  0.233 ,  0.233 ,  0.000 )    8   12  0.206   0.269104
 (  0.233 ,  0.233 ,  0.000 )    8   13  0.206   0.656327
 (  0.233 ,  0.233 ,  0.000 )    8   14  0.206   0.492707
 (  0.227 ,  0.227 ,  0.000 )    8    1  0.219   0.843134
 (  0.227 ,  0.227 ,  0.000 )    8    2  0.219   0.833890
 (  0.227 ,  0.227 ,  0.000 )    8    3  0.219   0.672037
 (  0.227 ,  0.227 ,  0.000 )    8    4  0.219   0.672163
 (  0.227 ,  0.227 ,  0.000 )    8    5  0.219   0.917951
 (  0.227 ,  0.227 ,  0.000 )    8    6  0.219   0.912513
 (  0.227 ,  0.227 ,  0.000 )    8    7  0.219   0.825271
 (  0.227 ,  0.227 ,  0.000 )    8    8  0.219   0.770495
 (  0.227 ,  0.227 ,  0.000 )    8    9  0.219   0.841448
 (  0.227 ,  0.227 ,  0.000 )    8   10  0.219   0.757948
 (  0.227 ,  0.227 ,  0.000 )    8   11  0.219   0.328582
 (  0.227 ,  0.227 ,  0.000 )    8   12  0.219   0.318122
 (  0.227 ,  0.227 ,  0.000 )    8   13  0.219   0.637168
 (  0.227 ,  0.227 ,  0.000 )    8   14  0.219   0.346615
 (  0.220 ,  0.220 ,  0.000 )    2    1  0.226   0.723055
 (  0.220 ,  0.220 ,  0.000 )    2    2  0.226   0.717996
 (  0.220 ,  0.220 ,  0.000 )    2    3  0.226   0.796421
 (  0.220 ,  0.220 ,  0.000 )    2    4  0.226   0.782267
 (  0.220 ,  0.220 ,  0.000 )    2    5  0.226   0.675418
 (  0.220 ,  0.220 ,  0.000 )    2    6  0.226   0.713912
 (  0.220 ,  0.220 ,  0.000 )    2    7  0.226   0.786179
 (  0.220 ,  0.220 ,  0.000 )    2    8  0.226   0.784274
 (  0.220 ,  0.220 ,  0.000 )    2    9  0.226   0.639308
 (  0.220 ,  0.220 ,  0.000 )    2   10  0.226   0.784951
 (  0.220 ,  0.220 ,  0.000 )    2   11  0.226   0.871549
 (  0.220 ,  0.220 ,  0.000 )    2   12  0.226   0.684657
 (  0.220 ,  0.220 ,  0.000 )    2   13  0.226   0.524427
 (  0.220 ,  0.220 ,  0.000 )    2   14  0.226   0.719566
 (  0.213 ,  0.213 ,  0.000 )    2    1  0.220   0.729727
 (  0.213 ,  0.213 ,  0.000 )    2    2  0.220   0.708954
 (  0.213 ,  0.213 ,  0.000 )    2    3  0.220   0.828316
 (  0.213 ,  0.213 ,  0.000 )    2    4  0.220   0.806875
 (  0.213 ,  0.213 ,  0.000 )    2    5  0.220   0.689898
 (  0.213 ,  0.213 ,  0.000 )    2    6  0.220   0.717626
 (  0.213 ,  0.213 ,  0.000 )    2    7  0.220   0.797508
 (  0.213 ,  0.213 ,  0.000 )    2    8  0.220   0.798400
 (  0.213 ,  0.213 ,  0.000 )    2    9  0.220   0.660971
 (  0.213 ,  0.213 ,  0.000 )    2   10  0.220   0.855819
 (  0.213 ,  0.213 ,  0.000 )    2   11  0.220   0.890983
 (  0.213 ,  0.213 ,  0.000 )    2   12  0.220   0.612484
 (  0.213 ,  0.213 ,  0.000 )    2   13  0.220   0.554551
 (  0.213 ,  0.213 ,  0.000 )    2   14  0.220   0.737219
 (  0.207 ,  0.207 ,  0.000 )    2    1  0.214   0.737500
 (  0.207 ,  0.207 ,  0.000 )    2    2  0.214   0.707141
 (  0.207 ,  0.207 ,  0.000 )    2    3  0.214   0.849214
 (  0.207 ,  0.207 ,  0.000 )    2    4  0.214   0.826537
 (  0.207 ,  0.207 ,  0.000 )    2    5  0.214   0.705285
 (  0.207 ,  0.207 ,  0.000 )    2    6  0.214   0.722374
 (  0.207 ,  0.207 ,  0.000 )    2    7  0.214   0.807930
 (  0.207 ,  0.207 ,  0.000 )    2    8  0.214   0.811004
 (  0.207 ,  0.207 ,  0.000 )    2    9  0.214   0.704984
 (  0.207 ,  0.207 ,  0.000 )    2   10  0.214   0.851237
 (  0.207 ,  0.207 ,  0.000 )    2   11  0.214   0.892357
 (  0.207 ,  0.207 ,  0.000 )    2   12  0.214   0.603938
 (  0.207 ,  0.207 ,  0.000 )    2   13  0.214   0.627833
 (  0.207 ,  0.207 ,  0.000 )    2   14  0.214   0.668696
 (  0.200 ,  0.200 ,  0.000 )    2    1  0.209   0.745773
 (  0.200 ,  0.200 ,  0.000 )    2    2  0.209   0.710319
 (  0.200 ,  0.200 ,  0.000 )    2    3  0.209   0.861813
 (  0.200 ,  0.200 ,  0.000 )    2    4  0.209   0.840574
 (  0.200 ,  0.200 ,  0.000 )    2    5  0.209   0.721191
 (  0.200 ,  0.200 ,  0.000 )    2    6  0.209   0.728652
 (  0.200 ,  0.200 ,  0.000 )    2    7  0.209   0.817481
 (  0.200 ,  0.200 ,  0.000 )    2    8  0.209   0.821690
 (  0.200 ,  0.200 ,  0.000 )    2    9  0.209   0.819572
 (  0.200 ,  0.200 ,  0.000 )    2   10  0.209   0.889157
 (  0.200 ,  0.200 ,  0.000 )    2   11  0.209   0.759595
 (  0.200 ,  0.200 ,  0.000 )    2   12  0.209   0.616604
 (  0.200 ,  0.200 ,  0.000 )    2   13  0.209   0.738612
 (  0.200 ,  0.200 ,  0.000 )    2   14  0.209   0.544936
 (  0.193 ,  0.193 ,  0.000 )    2    1  0.205   0.753958
 (  0.193 ,  0.193 ,  0.000 )    2    2  0.205   0.716180
 (  0.193 ,  0.193 ,  0.000 )    2    3  0.205   0.869078
 (  0.193 ,  0.193 ,  0.000 )    2    4  0.205   0.847698
 (  0.193 ,  0.193 ,  0.000 )    2    5  0.205   0.738116
 (  0.193 ,  0.193 ,  0.000 )    2    6  0.205   0.736422
 (  0.193 ,  0.193 ,  0.000 )    2    7  0.205   0.826358
 (  0.193 ,  0.193 ,  0.000 )    2    8  0.205   0.829964
 (  0.193 ,  0.193 ,  0.000 )    2    9  0.205   0.912973
 (  0.193 ,  0.193 ,  0.000 )    2   10  0.205   0.888022
 (  0.193 ,  0.193 ,  0.000 )    2   11  0.205   0.678883
 (  0.193 ,  0.193 ,  0.000 )    2   12  0.205   0.764301
 (  0.193 ,  0.193 ,  0.000 )    2   13  0.205   0.597999
 (  0.193 ,  0.193 ,  0.000 )    2   14  0.205   0.534859
 (  0.187 ,  0.187 ,  0.000 )    2    1  0.202   0.761549
 (  0.187 ,  0.187 ,  0.000 )    2    2  0.202   0.723043
 (  0.187 ,  0.187 ,  0.000 )    2    3  0.202   0.873186
 (  0.187 ,  0.187 ,  0.000 )    2    4  0.202   0.846055
 (  0.187 ,  0.187 ,  0.000 )    2    5  0.202   0.757561
 (  0.187 ,  0.187 ,  0.000 )    2    6  0.202   0.745297
 (  0.187 ,  0.187 ,  0.000 )    2    7  0.202   0.834915
 (  0.187 ,  0.187 ,  0.000 )    2    8  0.202   0.835245
 (  0.187 ,  0.187 ,  0.000 )    2    9  0.202   0.936412
 (  0.187 ,  0.187 ,  0.000 )    2   10  0.202   0.884560
 (  0.187 ,  0.187 ,  0.000 )    2   11  0.202   0.665404
 (  0.187 ,  0.187 ,  0.000 )    2   12  0.202   0.752742
 (  0.187 ,  0.187 ,  0.000 )    2   13  0.202   0.591456
 (  0.187 ,  0.187 ,  0.000 )    2   14  0.202   0.543932
 (  0.180 ,  0.180 ,  0.000 )    2    1  0.200   0.768171
 (  0.180 ,  0.180 ,  0.000 )    2    2  0.200   0.729802
 (  0.180 ,  0.180 ,  0.000 )    2    3  0.200   0.875352
 (  0.180 ,  0.180 ,  0.000 )    2    4  0.200   0.834708
 (  0.180 ,  0.180 ,  0.000 )    2    5  0.200   0.780570
 (  0.180 ,  0.180 ,  0.000 )    2    6  0.200   0.754766
 (  0.180 ,  0.180 ,  0.000 )    2    7  0.200   0.843144
 (  0.180 ,  0.180 ,  0.000 )    2    8  0.200   0.837383
 (  0.180 ,  0.180 ,  0.000 )    2    9  0.200   0.943621
 (  0.180 ,  0.180 ,  0.000 )    2   10  0.200   0.880562
 (  0.180 ,  0.180 ,  0.000 )    2   11  0.200   0.664838
 (  0.180 ,  0.180 ,  0.000 )    2   12  0.200   0.733913
 (  0.180 ,  0.180 ,  0.000 )    2   13  0.200   0.528235
 (  0.180 ,  0.180 ,  0.000 )    2   14  0.200   0.606150
 (  0.173 ,  0.173 ,  0.000 )    2    1  0.198   0.773609
 (  0.173 ,  0.173 ,  0.000 )    2    2  0.198   0.735773
 (  0.173 ,  0.173 ,  0.000 )    2    3  0.198   0.876076
 (  0.173 ,  0.173 ,  0.000 )    2    4  0.198   0.817089
 (  0.173 ,  0.173 ,  0.000 )    2    5  0.198   0.804060
 (  0.173 ,  0.173 ,  0.000 )    2    6  0.198   0.764352
 (  0.173 ,  0.173 ,  0.000 )    2    7  0.198   0.849867
 (  0.173 ,  0.173 ,  0.000 )    2    8  0.198   0.837469
 (  0.173 ,  0.173 ,  0.000 )    2    9  0.198   0.946691
 (  0.173 ,  0.173 ,  0.000 )    2   10  0.198   0.876334
 (  0.173 ,  0.173 ,  0.000 )    2   11  0.198   0.666794
 (  0.173 ,  0.173 ,  0.000 )    2   12  0.198   0.713467
 (  0.173 ,  0.173 ,  0.000 )    2   13  0.198   0.531238
 (  0.173 ,  0.173 ,  0.000 )    2   14  0.198   0.581725
 (  0.167 ,  0.167 ,  0.000 )    2    1  0.198   0.777803
 (  0.167 ,  0.167 ,  0.000 )    2    2  0.198   0.740595
 (  0.167 ,  0.167 ,  0.000 )    2    3  0.198   0.875497
 (  0.167 ,  0.167 ,  0.000 )    2    4  0.198   0.800029
 (  0.167 ,  0.167 ,  0.000 )    2    5  0.198   0.821481
 (  0.167 ,  0.167 ,  0.000 )    2    6  0.198   0.773700
 (  0.167 ,  0.167 ,  0.000 )    2    7  0.198   0.853901
 (  0.167 ,  0.167 ,  0.000 )    2    8  0.198   0.836663
 (  0.167 ,  0.167 ,  0.000 )    2    9  0.198   0.948149
 (  0.167 ,  0.167 ,  0.000 )    2   10  0.198   0.871974
 (  0.167 ,  0.167 ,  0.000 )    2   11  0.198   0.679752
 (  0.167 ,  0.167 ,  0.000 )    2   12  0.198   0.677351
 (  0.167 ,  0.167 ,  0.000 )    2   13  0.198   0.521759
 (  0.167 ,  0.167 ,  0.000 )    2   14  0.198   0.429747
 (  0.160 ,  0.160 ,  0.000 )    7    1  0.198   0.780804
 (  0.160 ,  0.160 ,  0.000 )    7    2  0.198   0.744138
 (  0.160 ,  0.160 ,  0.000 )    7    3  0.198   0.873674
 (  0.160 ,  0.160 ,  0.000 )    7    4  0.198   0.786938
 (  0.160 ,  0.160 ,  0.000 )    7    5  0.198   0.829465
 (  0.160 ,  0.160 ,  0.000 )    7    6  0.198   0.782609
 (  0.160 ,  0.160 ,  0.000 )    7    7  0.198   0.855245
 (  0.160 ,  0.160 ,  0.000 )    7    8  0.198   0.835001
 (  0.160 ,  0.160 ,  0.000 )    7    9  0.198   0.948762
 (  0.160 ,  0.160 ,  0.000 )    7   10  0.198   0.867544
 (  0.160 ,  0.160 ,  0.000 )    7   11  0.198   0.718188
 (  0.160 ,  0.160 ,  0.000 )    7   12  0.198   0.606770
 (  0.160 ,  0.160 ,  0.000 )    7   13  0.198   0.500673
 (  0.160 ,  0.160 ,  0.000 )    7   14  0.198   0.113005
 (  0.153 ,  0.153 ,  0.000 )    7    1  0.200   0.782703
 (  0.153 ,  0.153 ,  0.000 )    7    2  0.200   0.746419
 (  0.153 ,  0.153 ,  0.000 )    7    3  0.200   0.870714
 (  0.153 ,  0.153 ,  0.000 )    7    4  0.200   0.777087
 (  0.153 ,  0.153 ,  0.000 )    7    5  0.200   0.828526
 (  0.153 ,  0.153 ,  0.000 )    7    6  0.200   0.791030
 (  0.153 ,  0.153 ,  0.000 )    7    7  0.200   0.854313
 (  0.153 ,  0.153 ,  0.000 )    7    8  0.200   0.832152
 (  0.153 ,  0.153 ,  0.000 )    7    9  0.200   0.948836
 (  0.153 ,  0.153 ,  0.000 )    7   10  0.200   0.863088
 (  0.153 ,  0.153 ,  0.000 )    7   11  0.200   0.716907
 (  0.153 ,  0.153 ,  0.000 )    7   12  0.200   0.562760
 (  0.153 ,  0.153 ,  0.000 )    7   13  0.200   0.460937
 (  0.153 ,  0.153 ,  0.000 )    7   14  0.200   0.142125
 (  0.147 ,  0.147 ,  0.000 )    7    1  0.202   0.783552
 (  0.147 ,  0.147 ,  0.000 )    7    2  0.202   0.747515
 (  0.147 ,  0.147 ,  0.000 )    7    3  0.202   0.866745
 (  0.147 ,  0.147 ,  0.000 )    7    4  0.202   0.768852
 (  0.147 ,  0.147 ,  0.000 )    7    5  0.202   0.819972
 (  0.147 ,  0.147 ,  0.000 )    7    6  0.202   0.799048
 (  0.147 ,  0.147 ,  0.000 )    7    7  0.202   0.851430
 (  0.147 ,  0.147 ,  0.000 )    7    8  0.202   0.827914
 (  0.147 ,  0.147 ,  0.000 )    7    9  0.202   0.948522
 (  0.147 ,  0.147 ,  0.000 )    7   10  0.202   0.858638
 (  0.147 ,  0.147 ,  0.000 )    7   11  0.202   0.707508
 (  0.147 ,  0.147 ,  0.000 )    7   12  0.202   0.511981
 (  0.147 ,  0.147 ,  0.000 )    7   13  0.202   0.396651
 (  0.147 ,  0.147 ,  0.000 )    7   14  0.202   0.217349
 (  0.140 ,  0.140 ,  0.000 )    7    1  0.205   0.783301
 (  0.140 ,  0.140 ,  0.000 )    7    2  0.205   0.747474
 (  0.140 ,  0.140 ,  0.000 )    7    3  0.205   0.861736
 (  0.140 ,  0.140 ,  0.000 )    7    4  0.205   0.761177
 (  0.140 ,  0.140 ,  0.000 )    7    5  0.205   0.804795
 (  0.140 ,  0.140 ,  0.000 )    7    6  0.205   0.806808
 (  0.140 ,  0.140 ,  0.000 )    7    7  0.205   0.846820
 (  0.140 ,  0.140 ,  0.000 )    7    8  0.205   0.822222
 (  0.140 ,  0.140 ,  0.000 )    7    9  0.205   0.947902
 (  0.140 ,  0.140 ,  0.000 )    7   10  0.205   0.854210
 (  0.140 ,  0.140 ,  0.000 )    7   11  0.205   0.699249
 (  0.140 ,  0.140 ,  0.000 )    7   12  0.205   0.449509
 (  0.140 ,  0.140 ,  0.000 )    7   13  0.205   0.323568
 (  0.140 ,  0.140 ,  0.000 )    7   14  0.205   0.308479
 (  0.133 ,  0.133 ,  0.000 )    7    1  0.209   0.781784
 (  0.133 ,  0.133 ,  0.000 )    7    2  0.209   0.746285
 (  0.133 ,  0.133 ,  0.000 )    7    3  0.209   0.854984
 (  0.133 ,  0.133 ,  0.000 )    7    4  0.209   0.754023
 (  0.133 ,  0.133 ,  0.000 )    7    5  0.209   0.784189
 (  0.133 ,  0.133 ,  0.000 )    7    6  0.209   0.814069
 (  0.133 ,  0.133 ,  0.000 )    7    7  0.209   0.840647
 (  0.133 ,  0.133 ,  0.000 )    7    8  0.209   0.815092
 (  0.133 ,  0.133 ,  0.000 )    7    9  0.209   0.947017
 (  0.133 ,  0.133 ,  0.000 )    7   10  0.209   0.849800
 (  0.133 ,  0.133 ,  0.000 )    7   11  0.209   0.691469
 (  0.133 ,  0.133 ,  0.000 )    7   12  0.209   0.385799
 (  0.133 ,  0.133 ,  0.000 )    7   13  0.209   0.265766
 (  0.133 ,  0.133 ,  0.000 )    7   14  0.209   0.383608
 (  0.127 ,  0.127 ,  0.000 )    7    1  0.214   0.778754
 (  0.127 ,  0.127 ,  0.000 )    7    2  0.214   0.743907
 (  0.127 ,  0.127 ,  0.000 )    7    3  0.214   0.843956
 (  0.127 ,  0.127 ,  0.000 )    7    4  0.214   0.749300
 (  0.127 ,  0.127 ,  0.000 )    7    5  0.214   0.761464
 (  0.127 ,  0.127 ,  0.000 )    7    6  0.214   0.818448
 (  0.127 ,  0.127 ,  0.000 )    7    7  0.214   0.833048
 (  0.127 ,  0.127 ,  0.000 )    7    8  0.214   0.806586
 (  0.127 ,  0.127 ,  0.000 )    7    9  0.214   0.945874
 (  0.127 ,  0.127 ,  0.000 )    7   10  0.214   0.845381
 (  0.127 ,  0.127 ,  0.000 )    7   11  0.214   0.682363
 (  0.127 ,  0.127 ,  0.000 )    7   12  0.214   0.331484
 (  0.127 ,  0.127 ,  0.000 )    7   13  0.214   0.226639
 (  0.127 ,  0.127 ,  0.000 )    7   14  0.214   0.431810
 (  0.120 ,  0.120 ,  0.000 )    7    1  0.220   0.773972
 (  0.120 ,  0.120 ,  0.000 )    7    2  0.220   0.740339
 (  0.120 ,  0.120 ,  0.000 )    7    3  0.220   0.824308
 (  0.120 ,  0.120 ,  0.000 )    7    4  0.220   0.750722
 (  0.120 ,  0.120 ,  0.000 )    7    5  0.220   0.744046
 (  0.120 ,  0.120 ,  0.000 )    7    6  0.220   0.813394
 (  0.120 ,  0.120 ,  0.000 )    7    7  0.220   0.824142
 (  0.120 ,  0.120 ,  0.000 )    7    8  0.220   0.796794
 (  0.120 ,  0.120 ,  0.000 )    7    9  0.220   0.944448
 (  0.120 ,  0.120 ,  0.000 )    7   10  0.220   0.840901
 (  0.120 ,  0.120 ,  0.000 )    7   11  0.220   0.668633
 (  0.120 ,  0.120 ,  0.000 )    7   12  0.220   0.293483
 (  0.120 ,  0.120 ,  0.000 )    7   13  0.220   0.200523
 (  0.120 ,  0.120 ,  0.000 )    7   14  0.220   0.429526
 (  0.113 ,  0.113 ,  0.000 )    7    1  0.226   0.767319
 (  0.113 ,  0.113 ,  0.000 )    7    2  0.226   0.735730
 (  0.113 ,  0.113 ,  0.000 )    7    3  0.226   0.797913
 (  0.113 ,  0.113 ,  0.000 )    7    4  0.226   0.755700
 (  0.113 ,  0.113 ,  0.000 )    7    5  0.226   0.735919
 (  0.113 ,  0.113 ,  0.000 )    7    6  0.226   0.795634
 (  0.113 ,  0.113 ,  0.000 )    7    7  0.226   0.814040
 (  0.113 ,  0.113 ,  0.000 )    7    8  0.226   0.785823
 (  0.113 ,  0.113 ,  0.000 )    7    9  0.226   0.942662
 (  0.113 ,  0.113 ,  0.000 )    7   10  0.226   0.836273
 (  0.113 ,  0.113 ,  0.000 )    7   11  0.226   0.644931
 (  0.113 ,  0.113 ,  0.000 )    7   12  0.226   0.276808
 (  0.113 ,  0.113 ,  0.000 )    7   13  0.226   0.183226
 (  0.113 ,  0.113 ,  0.000 )    7   14  0.226   0.262626
 (  0.107 ,  0.107 ,  0.000 )    1    1  0.219   0.665397
 (  0.107 ,  0.107 ,  0.000 )    1    2  0.219   0.739777
 (  0.107 ,  0.107 ,  0.000 )    1    3  0.219   0.724316
 (  0.107 ,  0.107 ,  0.000 )    1    4  0.219   0.647864
 (  0.107 ,  0.107 ,  0.000 )    1    5  0.219   0.631068
 (  0.107 ,  0.107 ,  0.000 )    1    6  0.219   0.781942
 (  0.107 ,  0.107 ,  0.000 )    1    7  0.219   0.760009
 (  0.107 ,  0.107 ,  0.000 )    1    8  0.219   0.739710
 (  0.107 ,  0.107 ,  0.000 )    1    9  0.219   0.981765
 (  0.107 ,  0.107 ,  0.000 )    1   10  0.219   0.976494
 (  0.107 ,  0.107 ,  0.000 )    1   11  0.219   0.896986
 (  0.107 ,  0.107 ,  0.000 )    1   12  0.219   0.898755
 (  0.107 ,  0.107 ,  0.000 )    1   13  0.219   0.895467
 (  0.107 ,  0.107 ,  0.000 )    1   14  0.219   0.755858
 (  0.100 ,  0.100 ,  0.000 )    1    1  0.206   0.689576
 (  0.100 ,  0.100 ,  0.000 )    1    2  0.206   0.752412
 (  0.100 ,  0.100 ,  0.000 )    1    3  0.206   0.765358
 (  0.100 ,  0.100 ,  0.000 )    1    4  0.206   0.673853
 (  0.100 ,  0.100 ,  0.000 )    1    5  0.206   0.645296
 (  0.100 ,  0.100 ,  0.000 )    1    6  0.206   0.819335
 (  0.100 ,  0.100 ,  0.000 )    1    7  0.206   0.785078
 (  0.100 ,  0.100 ,  0.000 )    1    8  0.206   0.769109
 (  0.100 ,  0.100 ,  0.000 )    1    9  0.206   0.983037
 (  0.100 ,  0.100 ,  0.000 )    1   10  0.206   0.978540
 (  0.100 ,  0.100 ,  0.000 )    1   11  0.206   0.890929
 (  0.100 ,  0.100 ,  0.000 )    1   12  0.206   0.932956
 (  0.100 ,  0.100 ,  0.000 )    1   13  0.206   0.907922
 (  0.100 ,  0.100 ,  0.000 )    1   14  0.206   0.798426
 (  0.093 ,  0.093 ,  0.000 )    1    1  0.192   0.713969
 (  0.093 ,  0.093 ,  0.000 )    1    2  0.192   0.747950
 (  0.093 ,  0.093 ,  0.000 )    1    3  0.192   0.821758
 (  0.093 ,  0.093 ,  0.000 )    1    4  0.192   0.703331
 (  0.093 ,  0.093 ,  0.000 )    1    5  0.192   0.667367
 (  0.093 ,  0.093 ,  0.000 )    1    6  0.192   0.849029
 (  0.093 ,  0.093 ,  0.000 )    1    7  0.192   0.808963
 (  0.093 ,  0.093 ,  0.000 )    1    8  0.192   0.796998
 (  0.093 ,  0.093 ,  0.000 )    1    9  0.192   0.983950
 (  0.093 ,  0.093 ,  0.000 )    1   10  0.192   0.980306
 (  0.093 ,  0.093 ,  0.000 )    1   11  0.192   0.891359
 (  0.093 ,  0.093 ,  0.000 )    1   12  0.192   0.956776
 (  0.093 ,  0.093 ,  0.000 )    1   13  0.192   0.916615
 (  0.093 ,  0.093 ,  0.000 )    1   14  0.192   0.840823
 (  0.087 ,  0.087 ,  0.000 )    1    1  0.178   0.739103
 (  0.087 ,  0.087 ,  0.000 )    1    2  0.178   0.750024
 (  0.087 ,  0.087 ,  0.000 )    1    3  0.178   0.868221
 (  0.087 ,  0.087 ,  0.000 )    1    4  0.178   0.736164
 (  0.087 ,  0.087 ,  0.000 )    1    5  0.178   0.694717
 (  0.087 ,  0.087 ,  0.000 )    1    6  0.178   0.872430
 (  0.087 ,  0.087 ,  0.000 )    1    7  0.178   0.832790
 (  0.087 ,  0.087 ,  0.000 )    1    8  0.178   0.823344
 (  0.087 ,  0.087 ,  0.000 )    1    9  0.178   0.984422
 (  0.087 ,  0.087 ,  0.000 )    1   10  0.178   0.981841
 (  0.087 ,  0.087 ,  0.000 )    1   11  0.178   0.898315
 (  0.087 ,  0.087 ,  0.000 )    1   12  0.178   0.971634
 (  0.087 ,  0.087 ,  0.000 )    1   13  0.178   0.922689
 (  0.087 ,  0.087 ,  0.000 )    1   14  0.178   0.879214
 (  0.080 ,  0.080 ,  0.000 )    1    1  0.164   0.765778
 (  0.080 ,  0.080 ,  0.000 )    1    2  0.164   0.767476
 (  0.080 ,  0.080 ,  0.000 )    1    3  0.164   0.895029
 (  0.080 ,  0.080 ,  0.000 )    1    4  0.164   0.771107
 (  0.080 ,  0.080 ,  0.000 )    1    5  0.164   0.726355
 (  0.080 ,  0.080 ,  0.000 )    1    6  0.164   0.866621
 (  0.080 ,  0.080 ,  0.000 )    1    7  0.164   0.880292
 (  0.080 ,  0.080 ,  0.000 )    1    8  0.164   0.848110
 (  0.080 ,  0.080 ,  0.000 )    1    9  0.164   0.984324
 (  0.080 ,  0.080 ,  0.000 )    1   10  0.164   0.983239
 (  0.080 ,  0.080 ,  0.000 )    1   11  0.164   0.909738
 (  0.080 ,  0.080 ,  0.000 )    1   12  0.164   0.980521
 (  0.080 ,  0.080 ,  0.000 )    1   13  0.164   0.927423
 (  0.080 ,  0.080 ,  0.000 )    1   14  0.164   0.911917
 (  0.073 ,  0.073 ,  0.000 )    1    1  0.151   0.794594
 (  0.073 ,  0.073 ,  0.000 )    1    2  0.151   0.788690
 (  0.073 ,  0.073 ,  0.000 )    1    3  0.151   0.914538
 (  0.073 ,  0.073 ,  0.000 )    1    4  0.151   0.805542
 (  0.073 ,  0.073 ,  0.000 )    1    5  0.151   0.764480
 (  0.073 ,  0.073 ,  0.000 )    1    6  0.151   0.872588
 (  0.073 ,  0.073 ,  0.000 )    1    7  0.151   0.907899
 (  0.073 ,  0.073 ,  0.000 )    1    8  0.151   0.871249
 (  0.073 ,  0.073 ,  0.000 )    1    9  0.151   0.983492
 (  0.073 ,  0.073 ,  0.000 )    1   10  0.151   0.984675
 (  0.073 ,  0.073 ,  0.000 )    1   11  0.151   0.923657
 (  0.073 ,  0.073 ,  0.000 )    1   12  0.151   0.985938
 (  0.073 ,  0.073 ,  0.000 )    1   13  0.151   0.932286
 (  0.073 ,  0.073 ,  0.000 )    1   14  0.151   0.938233
 (  0.067 ,  0.067 ,  0.000 )    1    1  0.137   0.823775
 (  0.067 ,  0.067 ,  0.000 )    1    2  0.137   0.812012
 (  0.067 ,  0.067 ,  0.000 )    1    3  0.137   0.930997
 (  0.067 ,  0.067 ,  0.000 )    1    4  0.137   0.839986
 (  0.067 ,  0.067 ,  0.000 )    1    5  0.137   0.839708
 (  0.067 ,  0.067 ,  0.000 )    1    6  0.137   0.846475
 (  0.067 ,  0.067 ,  0.000 )    1    7  0.137   0.925711
 (  0.067 ,  0.067 ,  0.000 )    1    8  0.137   0.892704
 (  0.067 ,  0.067 ,  0.000 )    1    9  0.137   0.981851
 (  0.067 ,  0.067 ,  0.000 )    1   10  0.137   0.986403
 (  0.067 ,  0.067 ,  0.000 )    1   11  0.137   0.938674
 (  0.067 ,  0.067 ,  0.000 )    1   12  0.137   0.989415
 (  0.067 ,  0.067 ,  0.000 )    1   13  0.137   0.938507
 (  0.067 ,  0.067 ,  0.000 )    1   14  0.137   0.958057
 (  0.060 ,  0.060 ,  0.000 )    1    1  0.123   0.849388
 (  0.060 ,  0.060 ,  0.000 )    1    2  0.123   0.840098
 (  0.060 ,  0.060 ,  0.000 )    1    3  0.123   0.945314
 (  0.060 ,  0.060 ,  0.000 )    1    4  0.123   0.918467
 (  0.060 ,  0.060 ,  0.000 )    1    5  0.123   0.850594
 (  0.060 ,  0.060 ,  0.000 )    1    6  0.123   0.837280
 (  0.060 ,  0.060 ,  0.000 )    1    7  0.123   0.940603
 (  0.060 ,  0.060 ,  0.000 )    1    8  0.123   0.912410
 (  0.060 ,  0.060 ,  0.000 )    1    9  0.123   0.979714
 (  0.060 ,  0.060 ,  0.000 )    1   10  0.123   0.988609
 (  0.060 ,  0.060 ,  0.000 )    1   11  0.123   0.953588
 (  0.060 ,  0.060 ,  0.000 )    1   12  0.123   0.991787
 (  0.060 ,  0.060 ,  0.000 )    1   13  0.123   0.946455
 (  0.060 ,  0.060 ,  0.000 )    1   14  0.123   0.972054
 (  0.053 ,  0.053 ,  0.000 )    1    1  0.110   0.873692
 (  0.053 ,  0.053 ,  0.000 )    1    2  0.110   0.869408
 (  0.053 ,  0.053 ,  0.000 )    1    3  0.110   0.957677
 (  0.053 ,  0.053 ,  0.000 )    1    4  0.110   0.936450
 (  0.053 ,  0.053 ,  0.000 )    1    5  0.110   0.865155
 (  0.053 ,  0.053 ,  0.000 )    1    6  0.110   0.879741
 (  0.053 ,  0.053 ,  0.000 )    1    7  0.110   0.953478
 (  0.053 ,  0.053 ,  0.000 )    1    8  0.110   0.930296
 (  0.053 ,  0.053 ,  0.000 )    1    9  0.110   0.978066
 (  0.053 ,  0.053 ,  0.000 )    1   10  0.110   0.991162
 (  0.053 ,  0.053 ,  0.000 )    1   11  0.110   0.967116
 (  0.053 ,  0.053 ,  0.000 )    1   12  0.110   0.993509
 (  0.053 ,  0.053 ,  0.000 )    1   13  0.110   0.955604
 (  0.053 ,  0.053 ,  0.000 )    1   14  0.110   0.981532
 (  0.047 ,  0.047 ,  0.000 )    1    1  0.096   0.897868
 (  0.047 ,  0.047 ,  0.000 )    1    2  0.096   0.897287
 (  0.047 ,  0.047 ,  0.000 )    1    3  0.096   0.968185
 (  0.047 ,  0.047 ,  0.000 )    1    4  0.096   0.951199
 (  0.047 ,  0.047 ,  0.000 )    1    5  0.096   0.883081
 (  0.047 ,  0.047 ,  0.000 )    1    6  0.096   0.915992
 (  0.047 ,  0.047 ,  0.000 )    1    7  0.096   0.964613
 (  0.047 ,  0.047 ,  0.000 )    1    8  0.096   0.946287
 (  0.047 ,  0.047 ,  0.000 )    1    9  0.096   0.978131
 (  0.047 ,  0.047 ,  0.000 )    1   10  0.096   0.993633
 (  0.047 ,  0.047 ,  0.000 )    1   11  0.096   0.978145
 (  0.047 ,  0.047 ,  0.000 )    1   12  0.096   0.994839
 (  0.047 ,  0.047 ,  0.000 )    1   13  0.096   0.965072
 (  0.047 ,  0.047 ,  0.000 )    1   14  0.096   0.987884
 (  0.040 ,  0.040 ,  0.000 )    1    1  0.082   0.921284
 (  0.040 ,  0.040 ,  0.000 )    1    2  0.082   0.922826
 (  0.040 ,  0.040 ,  0.000 )    1    3  0.082   0.975695
 (  0.040 ,  0.040 ,  0.000 )    1    4  0.082   0.965321
 (  0.040 ,  0.040 ,  0.000 )    1    5  0.082   0.907865
 (  0.040 ,  0.040 ,  0.000 )    1    6  0.082   0.940472
 (  0.040 ,  0.040 ,  0.000 )    1    7  0.082   0.974135
 (  0.040 ,  0.040 ,  0.000 )    1    8  0.082   0.960310
 (  0.040 ,  0.040 ,  0.000 )    1    9  0.082   0.980392
 (  0.040 ,  0.040 ,  0.000 )    1   10  0.082   0.995684
 (  0.040 ,  0.040 ,  0.000 )    1   11  0.082   0.986252
 (  0.040 ,  0.040 ,  0.000 )    1   12  0.082   0.995936
 (  0.040 ,  0.040 ,  0.000 )    1   13  0.082   0.974073
 (  0.040 ,  0.040 ,  0.000 )    1   14  0.082   0.992188
 (  0.033 ,  0.033 ,  0.000 )    1    1  0.069   0.943056
 (  0.033 ,  0.033 ,  0.000 )    1    2  0.069   0.974983
 (  0.033 ,  0.033 ,  0.000 )    1    3  0.069   0.945343
 (  0.033 ,  0.033 ,  0.000 )    1    4  0.069   0.984270
 (  0.033 ,  0.033 ,  0.000 )    1    5  0.069   0.932947
 (  0.033 ,  0.033 ,  0.000 )    1    6  0.069   0.959012
 (  0.033 ,  0.033 ,  0.000 )    1    7  0.069   0.972295
 (  0.033 ,  0.033 ,  0.000 )    1    8  0.069   0.982110
 (  0.033 ,  0.033 ,  0.000 )    1    9  0.069   0.984322
 (  0.033 ,  0.033 ,  0.000 )    1   10  0.069   0.997240
 (  0.033 ,  0.033 ,  0.000 )    1   11  0.069   0.991773
 (  0.033 ,  0.033 ,  0.000 )    1   12  0.069   0.996904
 (  0.033 ,  0.033 ,  0.000 )    1   13  0.069   0.982050
 (  0.033 ,  0.033 ,  0.000 )    1   14  0.069   0.995145
 (  0.027 ,  0.027 ,  0.000 )    1    1  0.055   0.962306
 (  0.027 ,  0.027 ,  0.000 )    1    2  0.055   0.983944
 (  0.027 ,  0.027 ,  0.000 )    1    3  0.055   0.964519
 (  0.027 ,  0.027 ,  0.000 )    1    4  0.055   0.990037
 (  0.027 ,  0.027 ,  0.000 )    1    5  0.055   0.955507
 (  0.027 ,  0.027 ,  0.000 )    1    6  0.055   0.973990
 (  0.027 ,  0.027 ,  0.000 )    1    7  0.055   0.981922
 (  0.027 ,  0.027 ,  0.000 )    1    8  0.055   0.988588
 (  0.027 ,  0.027 ,  0.000 )    1    9  0.055   0.988950
 (  0.027 ,  0.027 ,  0.000 )    1   10  0.055   0.998365
 (  0.027 ,  0.027 ,  0.000 )    1   11  0.055   0.995372
 (  0.027 ,  0.027 ,  0.000 )    1   12  0.055   0.997801
 (  0.027 ,  0.027 ,  0.000 )    1   13  0.055   0.988662
 (  0.027 ,  0.027 ,  0.000 )    1   14  0.055   0.997177
 (  0.020 ,  0.020 ,  0.000 )    1    1  0.041   0.978230
 (  0.020 ,  0.020 ,  0.000 )    1    2  0.041   0.990965
 (  0.020 ,  0.020 ,  0.000 )    1    3  0.041   0.979810
 (  0.020 ,  0.020 ,  0.000 )    1    4  0.041   0.994439
 (  0.020 ,  0.020 ,  0.000 )    1    5  0.041   0.974253
 (  0.020 ,  0.020 ,  0.000 )    1    6  0.041   0.989981
 (  0.020 ,  0.020 ,  0.000 )    1    7  0.041   0.985104
 (  0.020 ,  0.020 ,  0.000 )    1    8  0.041   0.993597
 (  0.020 ,  0.020 ,  0.000 )    1    9  0.041   0.993372
 (  0.020 ,  0.020 ,  0.000 )    1   10  0.041   0.999142
 (  0.020 ,  0.020 ,  0.000 )    1   11  0.041   0.997650
 (  0.020 ,  0.020 ,  0.000 )    1   12  0.041   0.998632
 (  0.020 ,  0.020 ,  0.000 )    1   13  0.041   0.993744
 (  0.020 ,  0.020 ,  0.000 )    1   14  0.041   0.998538
 (  0.013 ,  0.013 ,  0.000 )    1    1  0.027   0.990139
 (  0.013 ,  0.013 ,  0.000 )    1    2  0.027   0.995985
 (  0.013 ,  0.013 ,  0.000 )    1    3  0.027   0.990951
 (  0.013 ,  0.013 ,  0.000 )    1    4  0.027   0.997541
 (  0.013 ,  0.013 ,  0.000 )    1    5  0.027   0.988316
 (  0.013 ,  0.013 ,  0.000 )    1    6  0.027   0.995535
 (  0.013 ,  0.013 ,  0.000 )    1    7  0.027   0.993339
 (  0.013 ,  0.013 ,  0.000 )    1    8  0.027   0.997160
 (  0.013 ,  0.013 ,  0.000 )    1    9  0.027   0.996932
 (  0.013 ,  0.013 ,  0.000 )    1   10  0.027   0.999641
 (  0.013 ,  0.013 ,  0.000 )    1   11  0.027   0.999030
 (  0.013 ,  0.013 ,  0.000 )    1   12  0.027   0.999339
 (  0.013 ,  0.013 ,  0.000 )    1   13  0.027   0.997275
 (  0.013 ,  0.013 ,  0.000 )    1   14  0.027   0.999392
 (  0.007 ,  0.007 ,  0.000 )    1    1  0.014   0.997506
 (  0.007 ,  0.007 ,  0.000 )    1    2  0.014   0.998996
 (  0.007 ,  0.007 ,  0.000 )    1    3  0.014   0.997726
 (  0.007 ,  0.007 ,  0.000 )    1    4  0.014   0.999387
 (  0.007 ,  0.007 ,  0.000 )    1    5  0.014   0.997041
 (  0.007 ,  0.007 ,  0.000 )    1    6  0.014   0.998882
 (  0.007 ,  0.007 ,  0.000 )    1    7  0.014   0.998327
 (  0.007 ,  0.007 ,  0.000 )    1    8  0.014   0.999291
 (  0.007 ,  0.007 ,  0.000 )    1    9  0.014   0.999216
 (  0.007 ,  0.007 ,  0.000 )    1   10  0.014   0.999914
 (  0.007 ,  0.007 ,  0.000 )    1   11  0.014   0.999768
 (  0.007 ,  0.007 ,  0.000 )    1   12  0.014   0.999825
 (  0.007 ,  0.007 ,  0.000 )    1   13  0.014   0.999329
 (  0.007 ,  0.007 ,  0.000 )    1   14  0.014   0.999855
 (  0.000 ,  0.000 ,  0.000 )    1    1  0.000   1.000000
 (  0.000 ,  0.000 ,  0.000 )    1    2  0.000   1.000000
 (  0.000 ,  0.000 ,  0.000 )    1    3  0.000   1.000000
 (  0.000 ,  0.000 ,  0.000 )    1    4  0.000   1.000000
 (  0.000 ,  0.000 ,  0.000 )    1    5  0.000   1.000000
 (  0.000 ,  0.000 ,  0.000 )    1    6  0.000   1.000000
 (  0.000 ,  0.000 ,  0.000 )    1    7  0.000   1.000000
 (  0.000 ,  0.000 ,  0.000 )    1    8  0.000   1.000000
 (  0.000 ,  0.000 ,  0.000 )    1    9  0.000   1.000000
 (  0.000 ,  0.000 ,  0.000 )    1   10  0.000   1.000000
 (  0.000 ,  0.000 ,  0.000 )    1   11  0.000   1.000000
 (  0.000 ,  0.000 ,  0.000 )    1   12  0.000   1.000000
 (  0.000 ,  0.000 ,  0.000 )    1   13  0.000   1.000000
 (  0.000 ,  0.000 ,  0.000 )    1   14  0.000   1.000000
