 # Column 1: omega
 # Column 2: eps2(omega)
 # Column 3: eps1(omega)
 # Column 4: JDOS(omega)
     0.000000000     0.000000000     4.305316120     0.000000000
     0.010000000     0.000000000     4.305356869     0.000000000
     0.020000000     0.000000000     4.305479122     0.000000000
     0.030000000     0.000000000     4.305682903     0.000000000
     0.040000000     0.000000000     4.305968246     0.000000000
     0.050000000     0.000000000     4.306335204     0.000000000
     0.060000000     0.000000000     4.306783842     0.000000000
     0.070000000     0.000000000     4.307314241     0.000000000
     0.080000000     0.000000000     4.307926495     0.000000000
     0.090000000     0.000000000     4.308620715     0.000000000
     0.100000000     0.000000000     4.309397025     0.000000000
     0.110000000     0.000000000     4.310255564     0.000000000
     0.120000000     0.000000000     4.311196489     0.000000000
     0.130000000     0.000000000     4.312219967     0.000000000
     0.140000000     0.000000000     4.313326184     0.000000000
     0.150000000     0.000000000     4.314515340     0.000000000
     0.160000000     0.000000000     4.315787649     0.000000000
     0.170000000     0.000000000     4.317143344     0.000000000
     0.180000000     0.000000000     4.318582669     0.000000000
     0.190000000     0.000000000     4.320105886     0.000000000
     0.200000000     0.000000000     4.321713274     0.000000000
     0.210000000     0.000000000     4.323405127     0.000000000
     0.220000000     0.000000000     4.325181753     0.000000000
     0.230000000     0.000000000     4.327043478     0.000000000
     0.240000000     0.000000000     4.328990646     0.000000000
     0.250000000     0.000000000     4.331023616     0.000000000
     0.260000000     0.000000000     4.333142762     0.000000000
     0.270000000     0.000000000     4.335348479     0.000000000
     0.280000000     0.000000000     4.337641175     0.000000000
     0.290000000     0.000000000     4.340021279     0.000000000
     0.300000000     0.000000000     4.342489236     0.000000000
     0.310000000     0.000000000     4.345045509     0.000000000
     0.320000000     0.000000000     4.347690578     0.000000000
     0.330000000     0.000000000     4.350424944     0.000000000
     0.340000000     0.000000000     4.353249125     0.000000000
     0.350000000     0.000000000     4.356163658     0.000000000
     0.360000000     0.000000000     4.359169099     0.000000000
     0.370000000     0.000000000     4.362266025     0.000000000
     0.380000000     0.000000000     4.365455031     0.000000000
     0.390000000     0.000000000     4.368736734     0.000000000
     0.400000000     0.000000000     4.372111771     0.000000000
     0.410000000     0.000000000     4.375580798     0.000000000
     0.420000000     0.000000000     4.379144496     0.000000000
     0.430000000     0.000000000     4.382803564     0.000000000
     0.440000000     0.000000000     4.386558726     0.000000000
     0.450000000     0.000000000     4.390410726     0.000000000
     0.460000000     0.000000000     4.394360334     0.000000000
     0.470000000     0.000000000     4.398408340     0.000000000
     0.480000000     0.000000000     4.402555560     0.000000000
     0.490000000     0.000000000     4.406802834     0.000000000
     0.500000000     0.000000000     4.411151027     0.000000000
     0.510000000     0.000000000     4.415601029     0.000000000
     0.520000000     0.000000000     4.420153757     0.000000000
     0.530000000     0.000000000     4.424810151     0.000000000
     0.540000000     0.000000000     4.429571184     0.000000000
     0.550000000     0.000000000     4.434437851     0.000000000
     0.560000000     0.000000000     4.439411179     0.000000000
     0.570000000     0.000000000     4.444492223     0.000000000
     0.580000000     0.000000000     4.449682066     0.000000000
     0.590000000     0.000000000     4.454981824     0.000000000
     0.600000000     0.000000000     4.460392643     0.000000000
     0.610000000     0.000000000     4.465915700     0.000000000
     0.620000000     0.000000000     4.471552205     0.000000000
     0.630000000     0.000000000     4.477303404     0.000000000
     0.640000000     0.000000000     4.483170573     0.000000000
     0.650000000     0.000000000     4.489155027     0.000000000
     0.660000000     0.000000000     4.495258114     0.000000000
     0.670000000     0.000000000     4.501481221     0.000000000
     0.680000000     0.000000000     4.507825774     0.000000000
     0.690000000     0.000000000     4.514293234     0.000000000
     0.700000000     0.000000000     4.520885106     0.000000000
     0.710000000     0.000000000     4.527602935     0.000000000
     0.720000000     0.000000000     4.534448307     0.000000000
     0.730000000     0.000000000     4.541422854     0.000000000
     0.740000000     0.000000000     4.548528250     0.000000000
     0.750000000     0.000000000     4.555766217     0.000000000
     0.760000000     0.000000000     4.563138524     0.000000000
     0.770000000     0.000000000     4.570646987     0.000000000
     0.780000000     0.000000000     4.578293475     0.000000000
     0.790000000     0.000000000     4.586079906     0.000000000
     0.800000000     0.000000000     4.594008253     0.000000000
     0.810000000     0.000000000     4.602080541     0.000000000
     0.820000000     0.000000000     4.610298856     0.000000000
     0.830000000     0.000000000     4.618665337     0.000000000
     0.840000000     0.000000000     4.627182187     0.000000000
     0.850000000     0.000000000     4.635851669     0.000000000
     0.860000000     0.000000000     4.644676109     0.000000000
     0.870000000     0.000000000     4.653657901     0.000000000
     0.880000000     0.000000000     4.662799505     0.000000000
     0.890000000     0.000000000     4.672103451     0.000000000
     0.900000000     0.000000000     4.681572344     0.000000000
     0.910000000     0.000000000     4.691208860     0.000000000
     0.920000000     0.000000000     4.701015756     0.000000000
     0.930000000     0.000000000     4.710995866     0.000000000
     0.940000000     0.000000000     4.721152109     0.000000000
     0.950000000     0.000000000     4.731487486     0.000000000
     0.960000000     0.000000000     4.742005090     0.000000000
     0.970000000     0.000000000     4.752708104     0.000000000
     0.980000000     0.000000000     4.763599804     0.000000000
     0.990000000     0.000000000     4.774683567     0.000000000
     1.000000000     0.000000000     4.785962868     0.000000000
     1.010000000     0.000000000     4.797441290     0.000000000
     1.020000000     0.000000000     4.809122523     0.000000000
     1.030000000     0.000000001     4.821010370     0.000000000
     1.040000000     0.000000001     4.833108752     0.000000000
     1.050000000     0.000000001     4.845421711     0.000000000
     1.060000000     0.000000002     4.857953412     0.000000000
     1.070000000     0.000000003     4.870708155     0.000000000
     1.080000000     0.000000005     4.883690373     0.000000000
     1.090000000     0.000000007     4.896904638     0.000000000
     1.100000000     0.000000011     4.910355671     0.000000000
     1.110000000     0.000000017     4.924048342     0.000000000
     1.120000000     0.000000025     4.937987682     0.000000000
     1.130000000     0.000000037     4.952178881     0.000000000
     1.140000000     0.000000056     4.966627303     0.000000000
     1.150000000     0.000000082     4.981338487     0.000000000
     1.160000000     0.000000121     4.996318156     0.000000000
     1.170000000     0.000000178     5.011572226     0.000000000
     1.180000000     0.000000260     5.027106810     0.000000000
     1.190000000     0.000000379     5.042928230     0.000000001
     1.200000000     0.000000549     5.059043022     0.000000001
     1.210000000     0.000000792     5.075457947     0.000000001
     1.220000000     0.000001137     5.092180003     0.000000002
     1.230000000     0.000001625     5.109216426     0.000000002
     1.240000000     0.000002313     5.126574712     0.000000003
     1.250000000     0.000003278     5.144262617     0.000000005
     1.260000000     0.000004624     5.162288174     0.000000007
     1.270000000     0.000006494     5.180659705     0.000000010
     1.280000000     0.000009080     5.199385828     0.000000013
     1.290000000     0.000012640     5.218475478     0.000000019
     1.300000000     0.000017518     5.237937912     0.000000026
     1.310000000     0.000024171     5.257782728     0.000000036
     1.320000000     0.000033204     5.278019876     0.000000049
     1.330000000     0.000045411     5.298659678     0.000000067
     1.340000000     0.000061831     5.319712840     0.000000092
     1.350000000     0.000083817     5.341190466     0.000000124
     1.360000000     0.000113119     5.363104082     0.000000168
     1.370000000     0.000151993     5.385465648     0.000000226
     1.380000000     0.000203326     5.408287575     0.000000302
     1.390000000     0.000270799     5.431582751     0.000000402
     1.400000000     0.000359073     5.455364551     0.000000533
     1.410000000     0.000474030     5.479646863     0.000000704
     1.420000000     0.000623037     5.504444106     0.000000925
     1.430000000     0.000815286     5.529771249     0.000001211
     1.440000000     0.001062172     5.555643833     0.000001578
     1.450000000     0.001377749     5.582077993     0.000002047
     1.460000000     0.001779253     5.609090471     0.000002644
     1.470000000     0.002287698     5.636698646     0.000003399
     1.480000000     0.002928569     5.664920543     0.000004352
     1.490000000     0.003732585     5.693774857     0.000005547
     1.500000000     0.004736566     5.723280966     0.000007039
     1.510000000     0.005984384     5.753458942     0.000008894
     1.520000000     0.007528002     5.784329566     0.000011189
     1.530000000     0.009428597     5.815914331     0.000014016
     1.540000000     0.011757755     5.848235443     0.000017479
     1.550000000     0.014598721     5.881315816     0.000021705
     1.560000000     0.018047688     5.915179053     0.000026836
     1.570000000     0.022215102     5.949849430     0.000033036
     1.580000000     0.027226945     5.985351850     0.000040494
     1.590000000     0.033225958     6.021711793     0.000049422
     1.600000000     0.040372775     6.058955242     0.000060060
     1.610000000     0.048846902     6.097108584     0.000072676
     1.620000000     0.058847493     6.136198483     0.000087568
     1.630000000     0.070593875     6.176251717     0.000105064
     1.640000000     0.084325749     6.217294964     0.000125521
     1.650000000     0.100303016     6.259354543     0.000149329
     1.660000000     0.118805169     6.302456083     0.000176906
     1.670000000     0.140130189     6.346624108     0.000208699
     1.680000000     0.164592913     6.391881525     0.000245181
     1.690000000     0.192522822     6.438248998     0.000286845
     1.700000000     0.224261237     6.485744161     0.000334206
     1.710000000     0.260157900     6.534380667     0.000387790
     1.720000000     0.300566960     6.584167013     0.000448130
     1.730000000     0.345842395     6.635105104     0.000515763
     1.740000000     0.396332907     6.687188506     0.000591214
     1.750000000     0.452376370     6.740400316     0.000674998
     1.760000000     0.514293934     6.794710584     0.000767602
     1.770000000     0.582383885     6.850073187     0.000869483
     1.780000000     0.656915403     6.906422076     0.000981054
     1.790000000     0.738122365     6.963666772     0.001102675
     1.800000000     0.826197358     7.021687009     0.001234648
     1.810000000     0.921286057     7.080326403     0.001377204
     1.820000000     1.023482141     7.139385047     0.001530497
     1.830000000     1.132822898     7.198610974     0.001694597
     1.840000000     1.249285667     7.257690482     0.001869484
     1.850000000     1.372785240     7.316237426     0.002055046
     1.860000000     1.503172302     7.373781793     0.002251072
     1.870000000     1.640233004     7.429758108     0.002457258
     1.880000000     1.783689662     7.483494669     0.002673201
     1.890000000     1.933202588     7.534205101     0.002898405
     1.900000000     2.088372994     7.580984453     0.003132286
     1.910000000     2.248746887     7.622812871     0.003374176
     1.920000000     2.413819806     7.658570686     0.003623332
     1.930000000     2.583042275     7.687069423     0.003878945
     1.940000000     2.755825767     7.707103261     0.004140148
     1.950000000     2.931549002     7.717524398     0.004406029
     1.960000000     3.109564371     7.717343010     0.004675639
     1.970000000     3.289204297     7.705847399     0.004948009
     1.980000000     3.469787358     7.682732774     0.005222155
     1.990000000     3.650624017     7.648218757     0.005497093
     2.000000000     3.831021845     7.603128879     0.005771849
     2.010000000     4.010290155     7.548903339     0.006045469
     2.020000000     4.187744020     7.487522824     0.006317031
     2.030000000     4.362707689     7.421337089     0.006585651
     2.040000000     4.534517453     7.352814426     0.006850491
     2.050000000     4.702524083     7.284250131     0.007110769
     2.060000000     4.866094953     7.217485097     0.007365768
     2.070000000     5.024616030     7.153684721     0.007614837
     2.080000000     5.177493907     7.093213802     0.007857403
     2.090000000     5.324158048     7.035621422     0.008092975
     2.100000000     5.464063436     6.979728817     0.008321149
     2.110000000     5.596693756     6.923798752     0.008541617
     2.120000000     5.721565233     6.865758271     0.008754175
     2.130000000     5.838231188     6.803445725     0.008958724
     2.140000000     5.946287325     6.734854348     0.009155280
     2.150000000     6.045377707     6.658346266     0.009343981
     2.160000000     6.135201295     6.572812982     0.009525091
     2.170000000     6.215518906     6.477763516     0.009699006
     2.180000000     6.286160343     6.373331766     0.009866259
     2.190000000     6.347031436     6.260210643     0.010027524
     2.200000000     6.398120679     6.139537953     0.010183614
     2.210000000     6.439505145     6.012770956     0.010335486
     2.220000000     6.471355314     5.881585954     0.010484235
     2.230000000     6.493938510     5.747824010     0.010631091
     2.240000000     6.507620615     5.613478912     0.010777411
     2.250000000     6.512865803     5.480699417     0.010924670
     2.260000000     6.510234075     5.351765990     0.011074446
     2.270000000     6.500376440     5.229008936     0.011228408
     2.280000000     6.484027671     5.114657828     0.011388295
     2.290000000     6.461996637     5.010641495     0.011555897
     2.300000000     6.435154298     4.918380856     0.011733034
     2.310000000     6.404419552     4.838624170     0.011921528
     2.320000000     6.370743170     4.771364468     0.012123180
     2.330000000     6.335090171     4.715857859     0.012339747
     2.340000000     6.298421028     4.670738536     0.012572910
     2.350000000     6.261672165     4.634208860     0.012824250
     2.360000000     6.225736245     4.604273723     0.013095224
     2.370000000     6.191442774     4.578985850     0.013387141
     2.380000000     6.159539574     4.556669895     0.013701135
     2.390000000     6.130675642     4.536095841     0.014038152
     2.400000000     6.105385933     4.516576599     0.014398925
     2.410000000     6.084078539     4.497972597     0.014783961
     2.420000000     6.067024689     4.480599114     0.015193532
     2.430000000     6.054351942     4.465049311     0.015627661
     2.440000000     6.046040852     4.451963350     0.016086120
     2.450000000     6.041925300     4.441785690     0.016568425
     2.460000000     6.041696588     4.434554061     0.017073840
     2.470000000     6.044911289     4.429754253     0.017601382
     2.480000000     6.051002734     4.426258773     0.018149826
     2.490000000     6.059295904     4.422350927     0.018717724
     2.500000000     6.069025408     4.415824207     0.019303414
     2.510000000     6.079356107     4.404141839     0.019905045
     2.520000000     6.089405865     4.384641393     0.020520595
     2.530000000     6.098269833     4.354771031     0.021147900
     2.540000000     6.105045617     4.312343648     0.021784684
     2.550000000     6.108858616     4.255791056     0.022428584
     2.560000000     6.108886829     4.184392846     0.023077190
     2.570000000     6.104384402     4.098446872     0.023728080
     2.580000000     6.094703247     3.999345450     0.024378851
     2.590000000     6.079312058     3.889528348     0.025027165
     2.600000000     6.057812192     3.772302573     0.025670779
     2.610000000     6.029949910     3.651546821     0.026307589
     2.620000000     5.995624622     3.531346671     0.026935661
     2.630000000     5.954892889     3.415624531     0.027553270
     2.640000000     5.907968067     3.307828201     0.028158931
     2.650000000     5.855215618     3.210723356     0.028751422
     2.660000000     5.797144258     3.126305459     0.029329817
     2.670000000     5.734393230     3.055817050     0.029893499
     2.680000000     5.667716132     2.999836899     0.030442176
     2.690000000     5.597961808     2.958402363     0.030975890
     2.700000000     5.526052943     2.931133396     0.031495013
     2.710000000     5.452963015     2.917339489     0.032000249
     2.720000000     5.379692359     2.916102843     0.032492615
     2.730000000     5.307244045     2.926338328     0.032973422
     2.740000000     5.236600337     2.946833214     0.033444249
     2.750000000     5.168700394     2.976269749     0.033906908
     2.760000000     5.104419872     3.013233957     0.034363404
     2.770000000     5.044552958     3.056215670     0.034815890
     2.780000000     4.989797320     3.103607154     0.035266615
     2.790000000     4.940742296     3.153709052     0.035717873
     2.800000000     4.897860569     3.204751988     0.036171941
     2.810000000     4.861503436     3.254939774     0.036631031
     2.820000000     4.831899656     3.302516503     0.037097226
     2.830000000     4.809157752     3.345855490     0.037572428
     2.840000000     4.793271548     3.383563325     0.038058310
     2.850000000     4.784128616     3.414587342     0.038556267
     2.860000000     4.781521227     3.438310181     0.039067381
     2.870000000     4.785159374     3.454612119     0.039592389
     2.880000000     4.794685354     3.463882516     0.040131664
     2.890000000     4.809689407     3.466967895     0.040685207
     2.900000000     4.829725889     3.465056084     0.041252645
     2.910000000     4.854329491     3.459511177     0.041833247
     2.920000000     4.883031011     3.451688052     0.042425952
     2.930000000     4.915372281     3.442762185     0.043029403
     2.940000000     4.950919851     3.433607221     0.043642002
     2.950000000     4.989277134     3.424739947     0.044261966
     2.960000000     5.030094769     3.416334725     0.044887399
     2.970000000     5.073079020     3.408293456     0.045516372
     2.980000000     5.117998104     3.400347674     0.046147005
     2.990000000     5.164686427     3.392167922     0.046777557
     3.000000000     5.213046728     3.383460551     0.047406517
     3.010000000     5.263050222     3.374039974     0.048032696
     3.020000000     5.314734865     3.363872019     0.048655312
     3.030000000     5.368201911     3.353089342     0.049274075
     3.040000000     5.423610946     3.341982507     0.049889265
     3.050000000     5.481173639     3.330971219     0.050501794
     3.060000000     5.541146412     3.320560238     0.051113264
     3.070000000     5.603822298     3.311284406     0.051726004
     3.080000000     5.669522196     3.303647097     0.052343105
     3.090000000     5.738585762     3.298056092     0.052968422
     3.100000000     5.811362133     3.294760788     0.053606573
     3.110000000     5.888200681     3.293795229     0.054262915
     3.120000000     5.969441961     3.294933136     0.054943503
     3.130000000     6.055408979     3.297663270     0.055655035
     3.140000000     6.146398903     3.301194535     0.056404777
     3.150000000     6.242675296     3.304498444     0.057200473
     3.160000000     6.344460917     3.306391097     0.058050245
     3.170000000     6.451931135     3.305648300     0.058962478
     3.180000000     6.565207956     3.301138121     0.059945689
     3.190000000     6.684354668     3.291947844     0.061008402
     3.200000000     6.809371070     3.277479563     0.062158999
     3.210000000     6.940189278     3.257492142     0.063405582
     3.220000000     7.076670063     3.232076920     0.064755829
     3.230000000     7.218599719     3.201568516     0.066216848
     3.240000000     7.365687432     3.166407081     0.067795046
     3.250000000     7.517563159     3.126980261     0.069495998
     3.260000000     7.673776035     3.083478975     0.071324328
     3.270000000     7.833793342     3.035799118     0.073283610
     3.280000000     7.997000113     2.983512226     0.075376280
     3.290000000     8.162699428     2.925913673     0.077603569
     3.300000000     8.330113524     2.862140149     0.079965460
     3.310000000     8.498385820     2.791332213     0.082460662
     3.320000000     8.666583977     2.712806063     0.085086620
     3.330000000     8.833704121     2.626194240     0.087839536
     3.340000000     8.998676355     2.531519541     0.090714432
     3.350000000     9.160371639     2.429179545     0.093705221
     3.360000000     9.317610149     2.319838708     0.096804818
     3.370000000     9.469171136     2.204246497     0.100005261
     3.380000000     9.613804295     2.083018843     0.103297861
     3.390000000     9.750242605     1.956431296     0.106673361
     3.400000000     9.877216537     1.824272546     0.110122110
     3.410000000     9.993469465     1.685795811     0.113634245
     3.420000000    10.097774069     1.539785290     0.117199881
     3.430000000    10.188949459     1.384730561     0.120809284
     3.440000000    10.265878679     1.219079250     0.124453059
     3.450000000    10.327526239     1.041522442     0.128122304
     3.460000000    10.372955248     0.851261498     0.131808757
     3.470000000    10.401343740     0.648210049     0.135504925
     3.480000000    10.411999754     0.433100052     0.139204176
     3.490000000    10.404374732     0.207482071     0.142900811
     3.500000000    10.378074860    -0.026368366     0.146590098
     3.510000000    10.332869981    -0.265610999     0.150268277
     3.520000000    10.268699787    -0.507035268     0.153932534
     3.530000000    10.185677063    -0.747261504     0.157580932
     3.540000000    10.084087844    -0.982931627     0.161212327
     3.550000000     9.964388421    -1.210881243     0.164826242
     3.560000000     9.827199243    -1.428289132     0.168422728
     3.570000000     9.673295844    -1.632799200     0.172002206
     3.580000000     9.503597017    -1.822607159     0.175565289
     3.590000000     9.319150544    -1.996503417     0.179112606
     3.600000000     9.121116861    -2.153866968     0.182644626
     3.610000000     8.910751090    -2.294612265     0.186161485
     3.620000000     8.689383917    -2.419099629     0.189662833
     3.630000000     8.458401814    -2.528026441     0.193147698
     3.640000000     8.219227124    -2.622318489     0.196614378
     3.650000000     7.973298481    -2.703037545     0.200060363
     3.660000000     7.722052040    -2.771313829     0.203482297
     3.670000000     7.466903928    -2.828303407     0.206875970
     3.680000000     7.209234265    -2.875163735     0.210236361
     3.690000000     6.950373045    -2.913037402     0.213557706
     3.700000000     6.691588065    -2.943034803     0.216833619
     3.710000000     6.434075048    -2.966209788     0.220057238
     3.720000000     6.178949981    -2.983526842     0.223221408
     3.730000000     5.927243640    -2.995822519     0.226318889
     3.740000000     5.679898196    -3.003767049     0.229342582
     3.750000000     5.437765735    -3.007833505     0.232285772
     3.760000000     5.201608466    -3.008281694     0.235142373
     3.770000000     4.972100378    -3.005161893     0.237907173
     3.780000000     4.749830053    -2.998340244     0.240576066
     3.790000000     4.535304363    -2.987543687     0.243146269
     3.800000000     4.328952762    -2.972418785     0.245616512
     3.810000000     4.131131917    -2.952596446     0.247987197
     3.820000000     3.942130430    -2.927753917     0.250260519
     3.830000000     3.762173461    -2.897666458     0.252440549
     3.840000000     3.591427086    -2.862243500     0.254533269
     3.850000000     3.430002270    -2.821547067     0.256546564
     3.860000000     3.277958399    -2.775793307     0.258490170
     3.870000000     3.135306330    -2.725340326     0.260375573
     3.880000000     3.002010983    -2.670666827     0.262215871
     3.890000000     2.877993526    -2.612346169     0.264025599
     3.900000000     2.763133235    -2.551019512     0.265820514
     3.910000000     2.657269118    -2.487370295     0.267617365
     3.920000000     2.560201440    -2.422100944     0.269433633
     3.930000000     2.471693245    -2.355911850     0.271287262
     3.940000000     2.391472010    -2.289482423     0.273196377
     3.950000000     2.319231525    -2.223454273     0.275179016
     3.960000000     2.254634097    -2.158416919     0.277252849
     3.970000000     2.197313140    -2.094896626     0.279434926
     3.980000000     2.146876202    -2.033348846     0.281741431
     3.990000000     2.102908432    -1.974154385     0.284187462
     4.000000000     2.064976493    -1.917618943     0.286786838
     4.010000000     2.032632868    -1.863975260     0.289551924
     4.020000000     2.005420497    -1.813386939     0.292493500
     4.030000000     1.982877676    -1.765953011     0.295620642
     4.040000000     1.964543093    -1.721712485     0.298940645
     4.050000000     1.949960904    -1.680648313     0.302458971
     4.060000000     1.938685725    -1.642690423     0.306179220
     4.070000000     1.930287410    -1.607717738     0.310103133
     4.080000000     1.924355507    -1.575559468     0.314230614
     4.090000000     1.920503273    -1.545996408     0.318559776
     4.100000000     1.918371165    -1.518763291     0.323087007
     4.110000000     1.917629702    -1.493553392     0.327807050
     4.120000000     1.917981673    -1.470026345     0.332713101
     4.130000000     1.919163620    -1.447819596     0.337796926
     4.140000000     1.920946606    -1.426563242     0.343048978
     4.150000000     1.923136256    -1.405897184     0.348458538
     4.160000000     1.925572118    -1.385488949     0.354013861
     4.170000000     1.928126375    -1.365050129     0.359702324
     4.180000000     1.930701990    -1.344349596     0.365510594
     4.190000000     1.933230357    -1.323222189     0.371424789
     4.200000000     1.935668551    -1.301572527     0.377430651
     4.210000000     1.937996279    -1.279374449     0.383513713
     4.220000000     1.940212624    -1.256667055     0.389659475
     4.230000000     1.942332699    -1.233548315     0.395853567
     4.240000000     1.944384297    -1.210166779     0.402081910
     4.250000000     1.946404622    -1.186711438     0.408330865
     4.260000000     1.948437201    -1.163399511     0.414587369
     4.270000000     1.950529019    -1.140462086     0.420839054
     4.280000000     1.952727949    -1.118128074     0.427074346
     4.290000000     1.955080507    -1.096607627     0.433282534
     4.300000000     1.957629962    -1.076076738     0.439453822
     4.310000000     1.960414807    -1.056664939     0.445579342
     4.320000000     1.963467595    -1.038447760     0.451651140
     4.330000000     1.966814112    -1.021444921     0.457662130
     4.340000000     1.970472888    -1.005624367     0.463606020
     4.350000000     1.974454985    -0.990911264     0.469477197
     4.360000000     1.978764057    -0.977200289     0.475270598
     4.370000000     1.983396612    -0.964369077     0.480981553
     4.380000000     1.988342466    -0.952290710     0.486605599
     4.390000000     1.993585326    -0.940843699     0.492138300
     4.400000000     1.999103483    -0.929918819     0.497575046
     4.410000000     2.004870574    -0.919423064     0.502910856
     4.420000000     2.010856386    -0.909281649     0.508140199
     4.430000000     2.017027688    -0.899439119     0.513256819
     4.440000000     2.023349064    -0.889860334     0.518253591
     4.450000000     2.029783743    -0.880531665     0.523122415
     4.460000000     2.036294414    -0.871462283     0.527854132
     4.470000000     2.042844016    -0.862685142     0.532438503
     4.480000000     2.049396514    -0.854257046     0.536864217
     4.490000000     2.055917647    -0.846257092     0.541118967
     4.500000000     2.062375642    -0.838782765     0.545189558
     4.510000000     2.068741910    -0.831943208     0.549062082
     4.520000000     2.074991688    -0.825849691     0.552722129
     4.530000000     2.081104647    -0.820604039     0.556155045
     4.540000000     2.087065433    -0.816286443     0.559346220
     4.550000000     2.092864137    -0.812944491     0.562281416
     4.560000000     2.098496670    -0.810585248     0.564947099
     4.570000000     2.103965028    -0.809171717     0.567330791
     4.580000000     2.109277421    -0.808624268     0.569421417
     4.590000000     2.114448249    -0.808826744     0.571209635
     4.600000000     2.119497906    -0.809636191     0.572688151
     4.610000000     2.124452398    -0.810894636     0.573851991
     4.620000000     2.129342750    -0.812441195     0.574698740
     4.630000000     2.134204220    -0.814123060     0.575228717
     4.640000000     2.139075302    -0.815804479     0.575445107
     4.650000000     2.143996529    -0.817373400     0.575354016
     4.660000000     2.149009104    -0.818745842     0.574964470
     4.670000000     2.154153374    -0.819868084     0.574288341
     4.680000000     2.159467185    -0.820716651     0.573340215
     4.690000000     2.164984159    -0.821296072     0.572137186
     4.700000000     2.170731940    -0.821634650     0.570698603
     4.710000000     2.176730462    -0.821779049     0.569045758
     4.720000000     2.182990300    -0.821788938     0.567201541
     4.730000000     2.189511148    -0.821733053     0.565190047
     4.740000000     2.196280502    -0.821687572     0.563036174
     4.750000000     2.203272577    -0.821736941     0.560765200
     4.760000000     2.210447527    -0.821976535     0.558402360
     4.770000000     2.217750994    -0.822516084     0.555972434
     4.780000000     2.225114025    -0.823482878     0.553499347
     4.790000000     2.232453376    -0.825024010     0.551005809
     4.800000000     2.239672205    -0.827307226     0.548512980
     4.810000000     2.246661158    -0.830519963     0.546040181
     4.820000000     2.253299828    -0.834866020     0.543604659
     4.830000000     2.259458549    -0.840559046     0.541221395
     4.840000000     2.265000491    -0.847812011     0.538902975
     4.850000000     2.269784006    -0.856822198     0.536659506
     4.860000000     2.273665150    -0.867752069     0.534498595
     4.870000000     2.276500330    -0.880707532     0.532425372
     4.880000000     2.278148989    -0.895716439     0.530442561
     4.890000000     2.278476271    -0.912711093     0.528550589
     4.900000000     2.277355572    -0.931518804     0.526747741
     4.910000000     2.274670941    -0.951863761     0.525030330
     4.920000000     2.270319228    -0.973381720     0.523392898
     4.930000000     2.264211965    -0.995646531     0.521828425
     4.940000000     2.256276906    -1.018205036     0.520328551
     4.950000000     2.246459210    -1.040615024     0.518883794
     4.960000000     2.234722241    -1.062480312     0.517483763
     4.970000000     2.221047974    -1.083477708     0.516117362
     4.980000000     2.205437022    -1.103372562     0.514772977
     4.990000000     2.187908287    -1.122022017     0.513438641
     5.000000000     2.168498270    -1.139367453     0.512102184
     5.010000000     2.147260077    -1.155419277     0.510751352
     5.020000000     2.124262156    -1.170237823     0.509373908
     5.030000000     2.099586818    -1.183913842     0.507957710
     5.040000000     2.073328599    -1.196551031     0.506490764
     5.050000000     2.045592503    -1.208251847     0.504961259
     5.060000000     2.016492189    -1.219106834     0.503357590
     5.070000000     1.986148144    -1.229187080     0.501668363
     5.080000000     1.954685895    -1.238539368     0.499882392
     5.090000000     1.922234285    -1.247183828     0.497988693
     5.100000000     1.888923867    -1.255114171     0.495976472
     5.110000000     1.854885423    -1.262300698     0.493835117
     5.120000000     1.820248641    -1.268696024     0.491554195
     5.130000000     1.785140951    -1.274243059     0.489123453
     5.140000000     1.749686536    -1.278884286     0.486532831
     5.150000000     1.714005513    -1.282571043     0.483772486
     5.160000000     1.678213278    -1.285271412     0.480832826
     5.170000000     1.642420000    -1.286975501     0.477704552
     5.180000000     1.606730268    -1.287697376     0.474378724
     5.190000000     1.571242848    -1.287473487     0.470846819
     5.200000000     1.536050560    -1.286358020     0.467100817
     5.210000000     1.501240237    -1.284416077     0.463133281
     5.220000000     1.466892758    -1.281715828     0.458937447
     5.230000000     1.433083129    -1.278320839     0.454507321
     5.240000000     1.399880613    -1.274283705     0.449837770
     5.250000000     1.367348866    -1.269641917     0.444924618
     5.260000000     1.335546098    -1.264416578     0.439764736
     5.270000000     1.304525215    -1.258614251     0.434356128
     5.280000000     1.274333964    -1.252231699     0.428698005
     5.290000000     1.245015043    -1.245262808     0.422790861
     5.300000000     1.216606198    -1.237706488     0.416636529
     5.310000000     1.189140281    -1.229574044     0.410238229
     5.320000000     1.162645272    -1.220894473     0.403600611
     5.330000000     1.137144277    -1.211716514     0.396729776
     5.340000000     1.112655476    -1.202106939     0.389633295
     5.350000000     1.089192055    -1.192145433     0.382320206
     5.360000000     1.066762093    -1.181917181     0.374801011
     5.370000000     1.045368439    -1.171504726     0.367087651
     5.380000000     1.025008566    -1.160980728     0.359193474
     5.390000000     1.005674415    -1.150402911     0.351133193
     5.400000000     0.987352253    -1.139811868     0.342922830
     5.410000000     0.970022538    -1.129231734     0.334579653
     5.420000000     0.953659821    -1.118673118     0.326122102
     5.430000000     0.938232692    -1.108137294     0.317569697
     5.440000000     0.923703790    -1.097620507     0.308942949
     5.450000000     0.910029890    -1.087117453     0.300263249
     5.460000000     0.897162092    -1.076623426     0.291552752
     5.470000000     0.885046111    -1.066135286     0.282834248
     5.480000000     0.873622697    -1.055651933     0.274131025
     5.490000000     0.862828184    -1.045175312     0.265466723
     5.500000000     0.852595177    -1.034712869     0.256865171
     5.510000000     0.842853378    -1.024281907     0.248350226
     5.520000000     0.833530543    -1.013915557     0.239945594
     5.530000000     0.824553565    -1.003669375     0.231674655
     5.540000000     0.815849658    -0.993626973     0.223560268
     5.550000000     0.807347627    -0.983902860     0.215624591
     5.560000000     0.798979183    -0.974640696     0.207888885
     5.570000000     0.790680286    -0.966005607     0.200373327
     5.580000000     0.782392451    -0.958169968     0.193096826
     5.590000000     0.774063999    -0.951293183     0.186076847
     5.600000000     0.765651195    -0.945497276     0.179329242
     5.610000000     0.757119227    -0.940841508     0.172868100
     5.620000000     0.748442994    -0.937300372     0.166705607
     5.630000000     0.739607655    -0.934749778     0.160851930
     5.640000000     0.730608908    -0.932965738     0.155315121
     5.650000000     0.721452976    -0.931637899     0.150101045
     5.660000000     0.712156286    -0.930397251     0.145213333
     5.670000000     0.702744824    -0.928853953     0.140653367
     5.680000000     0.693253186    -0.926638556     0.136420281
     5.690000000     0.683723334    -0.923439178     0.132511007
     5.700000000     0.674203083    -0.919028513     0.128920334
     5.710000000     0.664744366    -0.913277480     0.125640998
     5.720000000     0.655401320    -0.906155622     0.122663803
     5.730000000     0.646228254    -0.897720968     0.119977752
     5.740000000     0.637277566    -0.888103284     0.117570214
     5.750000000     0.628597664    -0.877484627     0.115427088
     5.760000000     0.620230982    -0.866080161     0.113532999
     5.770000000     0.612212141    -0.854121004     0.111871494
     5.780000000     0.604566329    -0.841839836     0.110425245
     5.790000000     0.597307956    -0.829459348     0.109176253
     5.800000000     0.590439642    -0.817183417     0.108106060
     5.810000000     0.583951566    -0.805191029     0.107195943
     5.820000000     0.577821209    -0.793633108     0.106427113
     5.830000000     0.572013515    -0.782632532     0.105780898
     5.840000000     0.566481454    -0.772287326     0.105238913
     5.850000000     0.561166982    -0.762676516     0.104783225
     5.860000000     0.556002378    -0.753867404     0.104396490
     5.870000000     0.550911910    -0.745922446     0.104062090
     5.880000000     0.545813773    -0.738903666     0.103764240
     5.890000000     0.540622263    -0.732872829     0.103488090
     5.900000000     0.535250094    -0.727886420     0.103219809
     5.910000000     0.529610804    -0.723985597     0.102946648
     5.920000000     0.523621172    -0.721182597     0.102656998
     5.930000000     0.517203571    -0.719446117     0.102340430
     5.940000000     0.510288187    -0.718688900     0.101987721
     5.950000000     0.502815049    -0.718760723     0.101590872
     5.960000000     0.494735800    -0.719449327     0.101143112
     5.970000000     0.486015167    -0.720490366     0.100638889
     5.980000000     0.476632097    -0.721585678     0.100073852
     5.990000000     0.466580523    -0.722427301     0.099444826
     6.000000000     0.455869758    -0.722723363     0.098749767
     6.010000000     0.444524502    -0.722221518     0.097987713
     6.020000000     0.432584475    -0.720726266     0.097158723
     6.030000000     0.420103707    -0.718107974     0.096263803
     6.040000000     0.407149488    -0.714303274     0.095304821
     6.050000000     0.393801044    -0.709308180     0.094284415
     6.060000000     0.380147960    -0.703166329     0.093205890
     6.070000000     0.366288404    -0.695955032     0.092073105
     6.080000000     0.352327210    -0.687771528     0.090890354
     6.090000000     0.338373859    -0.678721185     0.089662248
     6.100000000     0.324540416    -0.668908574     0.088393585
     6.110000000     0.310939469    -0.658431713     0.087089227
     6.120000000     0.297682117    -0.647379192     0.085753983
     6.130000000     0.284876047    -0.635829612     0.084392487
     6.140000000     0.272623730    -0.623852629     0.083009102
     6.150000000     0.261020780    -0.611510890     0.081607823
     6.160000000     0.250154481    -0.598862239     0.080192200
     6.170000000     0.240102523    -0.585961735     0.078765287
     6.180000000     0.230931932    -0.572863162     0.077329599
     6.190000000     0.222698230    -0.559619918     0.075887098
     6.200000000     0.215444810    -0.546285283     0.074439201
     6.210000000     0.209202525    -0.532912237     0.072986811
     6.220000000     0.203989501    -0.519553039     0.071530364
     6.230000000     0.199811140    -0.506258801     0.070069907
     6.240000000     0.196660336    -0.493079281     0.068605179
     6.250000000     0.194517860    -0.480063018     0.067135723
     6.260000000     0.193352926    -0.467257848     0.065660994
     6.270000000     0.193123900    -0.454711726     0.064180486
     6.280000000     0.193779160    -0.442473688     0.062693848
     6.290000000     0.195258071    -0.430594754     0.061201013
     6.300000000     0.197492063    -0.419128575     0.059702309
     6.310000000     0.200405804    -0.408131717     0.058198561
     6.320000000     0.203918430    -0.397663503     0.056691180
     6.330000000     0.207944828    -0.387785454     0.055182235
     6.340000000     0.212396942    -0.378560304     0.053674494
     6.350000000     0.217185086    -0.370050550     0.052171458
     6.360000000     0.222219242    -0.362316307     0.050677351
     6.370000000     0.227410317    -0.355412140     0.049197104
     6.380000000     0.232671345    -0.349382511     0.047736297
     6.390000000     0.237918609    -0.344255611     0.046301094
     6.400000000     0.243072667    -0.340035857     0.044898144
     6.410000000     0.248059264    -0.336695988     0.043534472
     6.420000000     0.252810117    -0.334170410     0.042217351
     6.430000000     0.257263556    -0.332351945     0.040954165
     6.440000000     0.261365027    -0.331093962     0.039752265
     6.450000000     0.265067432    -0.330219024     0.038618821
     6.460000000     0.268331324    -0.329533647     0.037560676
     6.470000000     0.271124949    -0.328847091     0.036584205
     6.480000000     0.273424146    -0.327990857     0.035695184
     6.490000000     0.275212116    -0.326835281     0.034898670
     6.500000000     0.276479071    -0.325300374     0.034198895
     6.510000000     0.277221780    -0.323359510     0.033599185
     6.520000000     0.277443033    -0.321036124     0.033101886
     6.530000000     0.277151036    -0.318394734     0.032708319
     6.540000000     0.276358771    -0.315528202     0.032418755
     6.550000000     0.275083320    -0.312543144     0.032232406
     6.560000000     0.273345189    -0.309545204     0.032147441
     6.570000000     0.271167649    -0.306625631     0.032161018
     6.580000000     0.268576098    -0.303850436     0.032269329
     6.590000000     0.265597468    -0.301253249     0.032467672
     6.600000000     0.262259684    -0.298832783     0.032750523
     6.610000000     0.258591184    -0.296555308     0.033111625
     6.620000000     0.254620496    -0.294361782     0.033544087
     6.630000000     0.250375893    -0.292178403     0.034040481
     6.640000000     0.245885101    -0.289928647     0.034592951
     6.650000000     0.241175077    -0.287544601     0.035193320
     6.660000000     0.236271839    -0.284975708     0.035833194
     6.670000000     0.231200349    -0.282193775     0.036504061
     6.680000000     0.225984435    -0.279193937     0.037197397
     6.690000000     0.220646751    -0.275992008     0.037904751
     6.700000000     0.215208763    -0.272619096     0.038617837
     6.710000000     0.209690748    -0.269114564     0.039328603
     6.720000000     0.204111813    -0.265518487     0.040029313
     6.730000000     0.198489913    -0.261864682     0.040712596
     6.740000000     0.192841874    -0.258175294     0.041371508
     6.750000000     0.187183407    -0.254457675     0.041999570
     6.760000000     0.181529124    -0.250703987     0.042590811
     6.770000000     0.175892547    -0.246893478     0.043139789
     6.780000000     0.170286103    -0.242996909     0.043641620
     6.790000000     0.164721129    -0.238982217     0.044091987
     6.800000000     0.159207862    -0.234820300     0.044487152
     6.810000000     0.153755437    -0.230489882     0.044823958
     6.820000000     0.148371886    -0.225980757     0.045099829
     6.830000000     0.143064146    -0.221295126     0.045312760
     6.840000000     0.137838074    -0.216447163     0.045461312
     6.850000000     0.132698476    -0.211461233     0.045544591
     6.860000000     0.127649153    -0.206369270     0.045562238
     6.870000000     0.122692954    -0.201207789     0.045514403
     6.880000000     0.117831853    -0.196014854     0.045401724
     6.890000000     0.113067043    -0.190827202     0.045225299
     6.900000000     0.108399030    -0.185677576     0.044986654
     6.910000000     0.103827758    -0.180592354     0.044687716
     6.920000000     0.099352724    -0.175589540     0.044330772
     6.930000000     0.094973115    -0.170677318     0.043918432
     6.940000000     0.090687931    -0.165853373     0.043453592
     6.950000000     0.086496119    -0.161105211     0.042939383
     6.960000000     0.082396687    -0.156411574     0.042379135
     6.970000000     0.078388817    -0.151744865     0.041776321
     6.980000000     0.074471961    -0.147074319     0.041134513
     6.990000000     0.070645912    -0.142369432     0.040457336
     7.000000000     0.066910866    -0.137603117     0.039748411
     7.010000000     0.063267451    -0.132754126     0.039011315
     7.020000000     0.059716744    -0.127808414     0.038249532
     7.030000000     0.056260257    -0.122759423     0.037466410
     7.040000000     0.052899906    -0.117607441     0.036665122
     7.050000000     0.049637957    -0.112358358     0.035848630
     7.060000000     0.046476960    -0.107022161     0.035019660
     7.070000000     0.043419662    -0.101611458     0.034180673
     7.080000000     0.040468912    -0.096140218     0.033333857
     7.090000000     0.037627565    -0.090622795     0.032481110
     7.100000000     0.034898374    -0.085073238     0.031624048
     7.110000000     0.032283887    -0.079504826     0.030764003
     7.120000000     0.029786353    -0.073929781     0.029902046
     7.130000000     0.027407627    -0.068359110     0.029039001
     7.140000000     0.025149098    -0.062802524     0.028175481
     7.150000000     0.023011616    -0.057268441     0.027311910
     7.160000000     0.020995450    -0.051764020     0.026448574
     7.170000000     0.019100248    -0.046295251     0.025585648
     7.180000000     0.017325023    -0.040867045     0.024723252
     7.190000000     0.015668152    -0.035483346     0.023861482
     7.200000000     0.014127390    -0.030147239     0.023000460
     7.210000000     0.012699902    -0.024861054     0.022140371
     7.220000000     0.011382300    -0.019626467     0.021281496
     7.230000000     0.010170702    -0.014444600     0.020424246
     7.240000000     0.009060790    -0.009316115     0.019569188
     7.250000000     0.008047878    -0.004241307     0.018717057
     7.260000000     0.007126985     0.000779812     0.017868774
     7.270000000     0.006292908     0.005747439     0.017025446
     7.280000000     0.005540291     0.010661924     0.016188361
     7.290000000     0.004863705     0.015523720     0.015358979
     7.300000000     0.004257705     0.020333354     0.014538917
     7.310000000     0.003716897     0.025091407     0.013729916
     7.320000000     0.003235993     0.029798496     0.012933822
     7.330000000     0.002809858     0.034455272     0.012152549
     7.340000000     0.002433554     0.039062413     0.011388042
     7.350000000     0.002102368     0.043620620     0.010642242
     7.360000000     0.001811846     0.048130613     0.009917047
     7.370000000     0.001557803     0.052593135     0.009214276
     7.380000000     0.001336342     0.057008941     0.008535633
     7.390000000     0.001143858     0.061378802     0.007882678
     7.400000000     0.000977039     0.065703495     0.007256793
     7.410000000     0.000832857     0.069983805     0.006659163
     7.420000000     0.000708569     0.074220519     0.006090755
     7.430000000     0.000601697     0.078414421     0.005552308
     7.440000000     0.000510020     0.082566292     0.005044318
     7.450000000     0.000431556     0.086676905     0.004567042
     7.460000000     0.000364543     0.090747026     0.004120498
     7.470000000     0.000307428     0.094777406     0.003704472
     7.480000000     0.000258841     0.098768785     0.003318532
     7.490000000     0.000217586     0.102721890     0.002962039
     7.500000000     0.000182616     0.106637431     0.002634171
     7.510000000     0.000153023     0.110516102     0.002333941
     7.520000000     0.000128021     0.114358582     0.002060221
     7.530000000     0.000106930     0.118165532     0.001811765
     7.540000000     0.000089166     0.121937599     0.001587235
     7.550000000     0.000074226     0.125675411     0.001385223
     7.560000000     0.000061681     0.129379579     0.001204275
     7.570000000     0.000051162     0.133050702     0.001042914
     7.580000000     0.000042357     0.136689357     0.000899658
     7.590000000     0.000034997     0.140296110     0.000773044
     7.600000000     0.000028857     0.143871510     0.000661635
     7.610000000     0.000023742     0.147416092     0.000564044
     7.620000000     0.000019490     0.150930374     0.000478937
     7.630000000     0.000015962     0.154414863     0.000405050
     7.640000000     0.000013041     0.157870051     0.000341189
     7.650000000     0.000010627     0.161296416     0.000286241
     7.660000000     0.000008637     0.164694425     0.000239173
     7.670000000     0.000007000     0.168064530     0.000199035
     7.680000000     0.000005658     0.171407175     0.000164960
     7.690000000     0.000004559     0.174722788     0.000136162
     7.700000000     0.000003663     0.178011788     0.000111931
     7.710000000     0.000002934     0.181274584     0.000091636
     7.720000000     0.000002342     0.184511573     0.000074712
     7.730000000     0.000001864     0.187723142     0.000060663
     7.740000000     0.000001479     0.190909670     0.000049052
     7.750000000     0.000001169     0.194071524     0.000039499
     7.760000000     0.000000921     0.197209064     0.000031675
     7.770000000     0.000000723     0.200322640     0.000025295
     7.780000000     0.000000565     0.203412593     0.000020115
     7.790000000     0.000000441     0.206479259     0.000015930
     7.800000000     0.000000342     0.209522962     0.000012563
     7.810000000     0.000000265     0.212544021     0.000009866
     7.820000000     0.000000204     0.215542746     0.000007715
     7.830000000     0.000000157     0.218519441     0.000006008
     7.840000000     0.000000120     0.221474403     0.000004659
     7.850000000     0.000000091     0.224407921     0.000003598
     7.860000000     0.000000069     0.227320279     0.000002766
     7.870000000     0.000000052     0.230211755     0.000002118
     7.880000000     0.000000039     0.233082619     0.000001615
     7.890000000     0.000000030     0.235933136     0.000001226
     7.900000000     0.000000022     0.238763567     0.000000927
     7.910000000     0.000000016     0.241574165     0.000000698
     7.920000000     0.000000012     0.244365179     0.000000523
     7.930000000     0.000000009     0.247136853     0.000000390
     7.940000000     0.000000007     0.249889424     0.000000290
     7.950000000     0.000000005     0.252623127     0.000000215
     7.960000000     0.000000004     0.255338190     0.000000158
     7.970000000     0.000000003     0.258034838     0.000000116
     7.980000000     0.000000002     0.260713290     0.000000085
     7.990000000     0.000000001     0.263373762     0.000000062
     8.000000000     0.000000001     0.266016466     0.000000045
     8.010000000     0.000000001     0.268641608     0.000000032
     8.020000000     0.000000000     0.271249391     0.000000023
     8.030000000     0.000000000     0.273840016     0.000000017
     8.040000000     0.000000000     0.276413678     0.000000012
     8.050000000     0.000000000     0.278970569     0.000000008
     8.060000000     0.000000000     0.281510876     0.000000006
     8.070000000     0.000000000     0.284034787     0.000000004
     8.080000000     0.000000000     0.286542481     0.000000003
     8.090000000     0.000000000     0.289034137     0.000000002
     8.100000000     0.000000000     0.291509932     0.000000001
     8.110000000     0.000000000     0.293970036     0.000000001
     8.120000000     0.000000000     0.296414618     0.000000001
     8.130000000     0.000000000     0.298843846     0.000000000
     8.140000000     0.000000000     0.301257883     0.000000000
     8.150000000     0.000000000     0.303656888     0.000000000
     8.160000000     0.000000000     0.306041020     0.000000000
     8.170000000     0.000000000     0.308410434     0.000000000
     8.180000000     0.000000000     0.310765282     0.000000000
     8.190000000     0.000000000     0.313105715     0.000000000
     8.200000000     0.000000000     0.315431880     0.000000000
     8.210000000     0.000000000     0.317743922     0.000000000
     8.220000000     0.000000000     0.320041985     0.000000000
     8.230000000     0.000000000     0.322326208     0.000000000
     8.240000000     0.000000000     0.324596730     0.000000000
     8.250000000     0.000000000     0.326853687     0.000000000
     8.260000000     0.000000000     0.329097214     0.000000000
     8.270000000     0.000000000     0.331327442     0.000000000
     8.280000000     0.000000000     0.333544500     0.000000000
     8.290000000     0.000000000     0.335748517     0.000000000
     8.300000000     0.000000000     0.337939620     0.000000000
     8.310000000     0.000000000     0.340117930     0.000000000
     8.320000000     0.000000000     0.342283572     0.000000000
     8.330000000     0.000000000     0.344436666     0.000000000
     8.340000000     0.000000000     0.346577329     0.000000000
     8.350000000     0.000000000     0.348705679     0.000000000
     8.360000000     0.000000000     0.350821831     0.000000000
     8.370000000     0.000000000     0.352925898     0.000000000
     8.380000000     0.000000000     0.355017993     0.000000000
     8.390000000     0.000000000     0.357098225     0.000000000
     8.400000000     0.000000000     0.359166703     0.000000000
     8.410000000     0.000000000     0.361223534     0.000000000
     8.420000000     0.000000000     0.363268825     0.000000000
     8.430000000     0.000000000     0.365302678     0.000000000
     8.440000000     0.000000000     0.367325197     0.000000000
     8.450000000     0.000000000     0.369336483     0.000000000
     8.460000000     0.000000000     0.371336636     0.000000000
     8.470000000     0.000000000     0.373325754     0.000000000
     8.480000000     0.000000000     0.375303935     0.000000000
     8.490000000     0.000000000     0.377271275     0.000000000
     8.500000000     0.000000000     0.379227868     0.000000000
     8.510000000     0.000000000     0.381173808     0.000000000
     8.520000000     0.000000000     0.383109186     0.000000000
     8.530000000     0.000000000     0.385034095     0.000000000
     8.540000000     0.000000000     0.386948623     0.000000000
     8.550000000     0.000000000     0.388852859     0.000000000
     8.560000000     0.000000000     0.390746890     0.000000000
     8.570000000     0.000000000     0.392630804     0.000000000
     8.580000000     0.000000000     0.394504684     0.000000000
     8.590000000     0.000000000     0.396368616     0.000000000
     8.600000000     0.000000000     0.398222683     0.000000000
     8.610000000     0.000000000     0.400066966     0.000000000
     8.620000000     0.000000000     0.401901546     0.000000000
     8.630000000     0.000000000     0.403726504     0.000000000
     8.640000000     0.000000000     0.405541918     0.000000000
     8.650000000     0.000000000     0.407347867     0.000000000
     8.660000000     0.000000000     0.409144428     0.000000000
     8.670000000     0.000000000     0.410931676     0.000000000
     8.680000000     0.000000000     0.412709688     0.000000000
     8.690000000     0.000000000     0.414478538     0.000000000
     8.700000000     0.000000000     0.416238298     0.000000000
     8.710000000     0.000000000     0.417989042     0.000000000
     8.720000000     0.000000000     0.419730841     0.000000000
     8.730000000     0.000000000     0.421463767     0.000000000
     8.740000000     0.000000000     0.423187889     0.000000000
     8.750000000     0.000000000     0.424903276     0.000000000
     8.760000000     0.000000000     0.426609997     0.000000000
     8.770000000     0.000000000     0.428308120     0.000000000
     8.780000000     0.000000000     0.429997712     0.000000000
     8.790000000     0.000000000     0.431678838     0.000000000
     8.800000000     0.000000000     0.433351564     0.000000000
     8.810000000     0.000000000     0.435015955     0.000000000
     8.820000000     0.000000000     0.436672074     0.000000000
     8.830000000     0.000000000     0.438319985     0.000000000
     8.840000000     0.000000000     0.439959750     0.000000000
     8.850000000     0.000000000     0.441591431     0.000000000
     8.860000000     0.000000000     0.443215088     0.000000000
     8.870000000     0.000000000     0.444830784     0.000000000
     8.880000000     0.000000000     0.446438576     0.000000000
     8.890000000     0.000000000     0.448038524     0.000000000
     8.900000000     0.000000000     0.449630688     0.000000000
     8.910000000     0.000000000     0.451215123     0.000000000
     8.920000000     0.000000000     0.452791889     0.000000000
     8.930000000     0.000000000     0.454361041     0.000000000
     8.940000000     0.000000000     0.455922635     0.000000000
     8.950000000     0.000000000     0.457476727     0.000000000
     8.960000000     0.000000000     0.459023371     0.000000000
     8.970000000     0.000000000     0.460562622     0.000000000
     8.980000000     0.000000000     0.462094533     0.000000000
     8.990000000     0.000000000     0.463619158     0.000000000
     9.000000000     0.000000000     0.465136549     0.000000000
