 # Column 1: omega
 # Column 2: eps2(omega)
 # Column 3: eps1(omega)
 # Column 4: JDOS(omega)
     0.000000000     0.000000000     3.243217803     0.000000000
     0.010000000     0.000000000     3.243229053     0.000000000
     0.020000000     0.000000000     3.243262807     0.000000000
     0.030000000     0.000000000     3.243319064     0.000000000
     0.040000000     0.000000000     3.243397830     0.000000000
     0.050000000     0.000000000     3.243499110     0.000000000
     0.060000000     0.000000000     3.243622909     0.000000000
     0.070000000     0.000000000     3.243769237     0.000000000
     0.080000000     0.000000000     3.243938102     0.000000000
     0.090000000     0.000000000     3.244129516     0.000000000
     0.100000000     0.000000000     3.244343492     0.000000000
     0.110000000     0.000000000     3.244580042     0.000000000
     0.120000000     0.000000000     3.244839183     0.000000000
     0.130000000     0.000000000     3.245120932     0.000000000
     0.140000000     0.000000000     3.245425308     0.000000000
     0.150000000     0.000000000     3.245752329     0.000000000
     0.160000000     0.000000000     3.246102018     0.000000000
     0.170000000     0.000000000     3.246474397     0.000000000
     0.180000000     0.000000000     3.246869492     0.000000000
     0.190000000     0.000000000     3.247287327     0.000000000
     0.200000000     0.000000000     3.247727930     0.000000000
     0.210000000     0.000000000     3.248191331     0.000000000
     0.220000000     0.000000000     3.248677560     0.000000000
     0.230000000     0.000000000     3.249186649     0.000000000
     0.240000000     0.000000000     3.249718631     0.000000000
     0.250000000     0.000000000     3.250273542     0.000000000
     0.260000000     0.000000000     3.250851418     0.000000000
     0.270000000     0.000000000     3.251452298     0.000000000
     0.280000000     0.000000000     3.252076221     0.000000000
     0.290000000     0.000000000     3.252723228     0.000000000
     0.300000000     0.000000000     3.253393363     0.000000000
     0.310000000     0.000000000     3.254086670     0.000000000
     0.320000000     0.000000000     3.254803195     0.000000000
     0.330000000     0.000000000     3.255542985     0.000000000
     0.340000000     0.000000000     3.256306091     0.000000000
     0.350000000     0.000000000     3.257092562     0.000000000
     0.360000000     0.000000000     3.257902451     0.000000000
     0.370000000     0.000000000     3.258735814     0.000000000
     0.380000000     0.000000000     3.259592704     0.000000000
     0.390000000     0.000000000     3.260473181     0.000000000
     0.400000000     0.000000000     3.261377302     0.000000000
     0.410000000     0.000000000     3.262305129     0.000000000
     0.420000000     0.000000000     3.263256724     0.000000000
     0.430000000     0.000000000     3.264232151     0.000000000
     0.440000000     0.000000000     3.265231477     0.000000000
     0.450000000     0.000000000     3.266254768     0.000000000
     0.460000000     0.000000000     3.267302095     0.000000000
     0.470000000     0.000000000     3.268373528     0.000000000
     0.480000000     0.000000000     3.269469139     0.000000000
     0.490000000     0.000000000     3.270589005     0.000000000
     0.500000000     0.000000000     3.271733201     0.000000000
     0.510000000     0.000000000     3.272901805     0.000000000
     0.520000000     0.000000000     3.274094897     0.000000000
     0.530000000     0.000000000     3.275312560     0.000000000
     0.540000000     0.000000000     3.276554877     0.000000000
     0.550000000     0.000000000     3.277821933     0.000000000
     0.560000000     0.000000000     3.279113816     0.000000000
     0.570000000     0.000000000     3.280430615     0.000000000
     0.580000000     0.000000000     3.281772422     0.000000000
     0.590000000     0.000000000     3.283139330     0.000000000
     0.600000000     0.000000000     3.284531434     0.000000000
     0.610000000     0.000000000     3.285948830     0.000000000
     0.620000000     0.000000000     3.287391619     0.000000000
     0.630000000     0.000000000     3.288859901     0.000000000
     0.640000000     0.000000000     3.290353780     0.000000000
     0.650000000     0.000000000     3.291873360     0.000000000
     0.660000000     0.000000000     3.293418748     0.000000000
     0.670000000     0.000000000     3.294990055     0.000000000
     0.680000000     0.000000000     3.296587392     0.000000000
     0.690000000     0.000000000     3.298210871     0.000000000
     0.700000000     0.000000000     3.299860610     0.000000000
     0.710000000     0.000000000     3.301536725     0.000000000
     0.720000000     0.000000000     3.303239337     0.000000000
     0.730000000     0.000000000     3.304968568     0.000000000
     0.740000000     0.000000000     3.306724543     0.000000000
     0.750000000     0.000000000     3.308507389     0.000000000
     0.760000000     0.000000000     3.310317234     0.000000000
     0.770000000     0.000000000     3.312154211     0.000000000
     0.780000000     0.000000000     3.314018453     0.000000000
     0.790000000     0.000000000     3.315910097     0.000000000
     0.800000000     0.000000000     3.317829280     0.000000000
     0.810000000     0.000000000     3.319776145     0.000000000
     0.820000000     0.000000000     3.321750834     0.000000000
     0.830000000     0.000000000     3.323753494     0.000000000
     0.840000000     0.000000000     3.325784273     0.000000000
     0.850000000     0.000000000     3.327843323     0.000000000
     0.860000000     0.000000000     3.329930797     0.000000000
     0.870000000     0.000000000     3.332046851     0.000000000
     0.880000000     0.000000000     3.334191646     0.000000000
     0.890000000     0.000000000     3.336365341     0.000000000
     0.900000000     0.000000000     3.338568102     0.000000000
     0.910000000     0.000000000     3.340800097     0.000000000
     0.920000000     0.000000000     3.343061494     0.000000000
     0.930000000     0.000000000     3.345352468     0.000000000
     0.940000000     0.000000000     3.347673193     0.000000000
     0.950000000     0.000000000     3.350023849     0.000000000
     0.960000000     0.000000000     3.352404617     0.000000000
     0.970000000     0.000000000     3.354815682     0.000000000
     0.980000000     0.000000000     3.357257231     0.000000000
     0.990000000     0.000000000     3.359729455     0.000000000
     1.000000000     0.000000000     3.362232549     0.000000000
     1.010000000     0.000000000     3.364766709     0.000000000
     1.020000000     0.000000000     3.367332135     0.000000000
     1.030000000     0.000000000     3.369929032     0.000000000
     1.040000000     0.000000000     3.372557606     0.000000000
     1.050000000     0.000000000     3.375218067     0.000000000
     1.060000000     0.000000000     3.377910629     0.000000000
     1.070000000     0.000000000     3.380635509     0.000000000
     1.080000000     0.000000000     3.383392929     0.000000000
     1.090000000     0.000000000     3.386183111     0.000000000
     1.100000000     0.000000000     3.389006284     0.000000000
     1.110000000     0.000000000     3.391862680     0.000000000
     1.120000000     0.000000000     3.394752533     0.000000000
     1.130000000     0.000000000     3.397676084     0.000000000
     1.140000000     0.000000000     3.400633574     0.000000000
     1.150000000     0.000000000     3.403625251     0.000000000
     1.160000000     0.000000000     3.406651366     0.000000000
     1.170000000     0.000000000     3.409712173     0.000000000
     1.180000000     0.000000000     3.412807931     0.000000000
     1.190000000     0.000000000     3.415938904     0.000000000
     1.200000000     0.000000000     3.419105359     0.000000000
     1.210000000     0.000000000     3.422307568     0.000000000
     1.220000000     0.000000000     3.425545807     0.000000000
     1.230000000     0.000000000     3.428820357     0.000000000
     1.240000000     0.000000000     3.432131502     0.000000000
     1.250000000     0.000000000     3.435479533     0.000000000
     1.260000000     0.000000000     3.438864743     0.000000000
     1.270000000     0.000000000     3.442287433     0.000000000
     1.280000000     0.000000000     3.445747905     0.000000000
     1.290000000     0.000000000     3.449246470     0.000000000
     1.300000000     0.000000000     3.452783441     0.000000000
     1.310000000     0.000000000     3.456359137     0.000000000
     1.320000000     0.000000000     3.459973882     0.000000000
     1.330000000     0.000000000     3.463628007     0.000000000
     1.340000000     0.000000000     3.467321846     0.000000000
     1.350000000     0.000000000     3.471055739     0.000000000
     1.360000000     0.000000000     3.474830033     0.000000000
     1.370000000     0.000000000     3.478645079     0.000000000
     1.380000000     0.000000000     3.482501236     0.000000000
     1.390000000     0.000000000     3.486398866     0.000000000
     1.400000000     0.000000000     3.490338338     0.000000000
     1.410000000     0.000000000     3.494320029     0.000000000
     1.420000000     0.000000000     3.498344320     0.000000000
     1.430000000     0.000000000     3.502411599     0.000000000
     1.440000000     0.000000000     3.506522261     0.000000000
     1.450000000     0.000000000     3.510676707     0.000000000
     1.460000000     0.000000000     3.514875345     0.000000000
     1.470000000     0.000000000     3.519118589     0.000000000
     1.480000000     0.000000000     3.523406861     0.000000000
     1.490000000     0.000000000     3.527740591     0.000000000
     1.500000000     0.000000000     3.532120213     0.000000000
     1.510000000     0.000000000     3.536546173     0.000000000
     1.520000000     0.000000000     3.541018919     0.000000000
     1.530000000     0.000000000     3.545538912     0.000000000
     1.540000000     0.000000000     3.550106618     0.000000000
     1.550000000     0.000000000     3.554722511     0.000000000
     1.560000000     0.000000000     3.559387074     0.000000000
     1.570000000     0.000000000     3.564100798     0.000000000
     1.580000000     0.000000000     3.568864182     0.000000000
     1.590000000     0.000000000     3.573677735     0.000000000
     1.600000000     0.000000000     3.578541974     0.000000000
     1.610000000     0.000000000     3.583457425     0.000000000
     1.620000000     0.000000000     3.588424622     0.000000000
     1.630000000     0.000000000     3.593444112     0.000000000
     1.640000000     0.000000000     3.598516448     0.000000000
     1.650000000     0.000000000     3.603642195     0.000000000
     1.660000000     0.000000000     3.608821927     0.000000000
     1.670000000     0.000000000     3.614056228     0.000000000
     1.680000000     0.000000000     3.619345693     0.000000000
     1.690000000     0.000000000     3.624690928     0.000000000
     1.700000000     0.000000000     3.630092550     0.000000000
     1.710000000     0.000000000     3.635551186     0.000000000
     1.720000000     0.000000000     3.641067477     0.000000000
     1.730000000     0.000000000     3.646642072     0.000000000
     1.740000000     0.000000000     3.652275635     0.000000000
     1.750000000     0.000000000     3.657968841     0.000000000
     1.760000000     0.000000000     3.663722378     0.000000000
     1.770000000     0.000000000     3.669536946     0.000000000
     1.780000000     0.000000000     3.675413258     0.000000000
     1.790000000     0.000000000     3.681352043     0.000000000
     1.800000000     0.000000000     3.687354039     0.000000000
     1.810000000     0.000000000     3.693420003     0.000000000
     1.820000000     0.000000000     3.699550703     0.000000000
     1.830000000     0.000000000     3.705746923     0.000000000
     1.840000000     0.000000000     3.712009461     0.000000000
     1.850000000     0.000000000     3.718339133     0.000000000
     1.860000000     0.000000000     3.724736767     0.000000000
     1.870000000     0.000000000     3.731203211     0.000000000
     1.880000000     0.000000000     3.737739327     0.000000000
     1.890000000     0.000000000     3.744345994     0.000000000
     1.900000000     0.000000000     3.751024110     0.000000000
     1.910000000     0.000000000     3.757774590     0.000000000
     1.920000000     0.000000000     3.764598367     0.000000000
     1.930000000     0.000000000     3.771496394     0.000000000
     1.940000000     0.000000000     3.778469640     0.000000000
     1.950000000     0.000000000     3.785519098     0.000000000
     1.960000000     0.000000000     3.792645778     0.000000000
     1.970000000     0.000000000     3.799850713     0.000000000
     1.980000000     0.000000000     3.807134955     0.000000000
     1.990000000     0.000000000     3.814499580     0.000000000
     2.000000000     0.000000000     3.821945685     0.000000000
     2.010000000     0.000000000     3.829474390     0.000000000
     2.020000000     0.000000000     3.837086841     0.000000000
     2.030000000     0.000000000     3.844784204     0.000000000
     2.040000000     0.000000000     3.852567674     0.000000000
     2.050000000     0.000000000     3.860438470     0.000000000
     2.060000000     0.000000000     3.868397836     0.000000000
     2.070000000     0.000000000     3.876447046     0.000000000
     2.080000000     0.000000001     3.884587399     0.000000000
     2.090000000     0.000000001     3.892820225     0.000000001
     2.100000000     0.000000001     3.901146880     0.000000001
     2.110000000     0.000000002     3.909568755     0.000000001
     2.120000000     0.000000003     3.918087268     0.000000002
     2.130000000     0.000000004     3.926703870     0.000000003
     2.140000000     0.000000005     3.935420047     0.000000004
     2.150000000     0.000000007     3.944237316     0.000000006
     2.160000000     0.000000010     3.953157232     0.000000008
     2.170000000     0.000000015     3.962181382     0.000000012
     2.180000000     0.000000020     3.971311393     0.000000016
     2.190000000     0.000000028     3.980548930     0.000000022
     2.200000000     0.000000039     3.989895696     0.000000031
     2.210000000     0.000000054     3.999353435     0.000000042
     2.220000000     0.000000074     4.008923932     0.000000058
     2.230000000     0.000000101     4.018609017     0.000000079
     2.240000000     0.000000137     4.028410562     0.000000108
     2.250000000     0.000000186     4.038330487     0.000000145
     2.260000000     0.000000250     4.048370757     0.000000196
     2.270000000     0.000000335     4.058533386     0.000000262
     2.280000000     0.000000447     4.068820440     0.000000350
     2.290000000     0.000000593     4.079234036     0.000000465
     2.300000000     0.000000784     4.089776343     0.000000615
     2.310000000     0.000001032     4.100449587     0.000000809
     2.320000000     0.000001353     4.111256051     0.000001061
     2.330000000     0.000001765     4.122198077     0.000001384
     2.340000000     0.000002293     4.133278066     0.000001798
     2.350000000     0.000002965     4.144498485     0.000002325
     2.360000000     0.000003818     4.155861864     0.000002994
     2.370000000     0.000004893     4.167370801     0.000003838
     2.380000000     0.000006244     4.179027964     0.000004898
     2.390000000     0.000007932     4.190836092     0.000006223
     2.400000000     0.000010033     4.202798001     0.000007873
     2.410000000     0.000012633     4.214916580     0.000009915
     2.420000000     0.000015837     4.227194802     0.000012432
     2.430000000     0.000019765     4.239635721     0.000015518
     2.440000000     0.000024558     4.252242474     0.000019286
     2.450000000     0.000030378     4.265018291     0.000023864
     2.460000000     0.000037411     4.277966491     0.000029397
     2.470000000     0.000045869     4.291090488     0.000036055
     2.480000000     0.000055989     4.304393795     0.000044026
     2.490000000     0.000068040     4.317880026     0.000053523
     2.500000000     0.000082320     4.331552902     0.000064783
     2.510000000     0.000099156     4.345416251     0.000078068
     2.520000000     0.000118907     4.359474016     0.000093666
     2.530000000     0.000141962     4.373730255     0.000111890
     2.540000000     0.000168740     4.388189149     0.000133075
     2.550000000     0.000199684     4.402855003     0.000157583
     2.560000000     0.000235261     4.417732252     0.000185792
     2.570000000     0.000275957     4.432825465     0.000218099
     2.580000000     0.000322269     4.448139347     0.000254915
     2.590000000     0.000374703     4.463678748     0.000296659
     2.600000000     0.000433760     4.479448665     0.000343750
     2.610000000     0.000499933     4.495454243     0.000396604
     2.620000000     0.000573692     4.511700785     0.000455624
     2.630000000     0.000655479     4.528193752     0.000521192
     2.640000000     0.000745695     4.544938766     0.000593660
     2.650000000     0.000844691     4.561941617     0.000673340
     2.660000000     0.000952756     4.579208262     0.000760494
     2.670000000     0.001070116     4.596744827     0.000855326
     2.680000000     0.001196925     4.614557610     0.000957971
     2.690000000     0.001333264     4.632653079     0.001068485
     2.700000000     0.001479149     4.651037871     0.001186841
     2.710000000     0.001634536     4.669718792     0.001312918
     2.720000000     0.001799343     4.688702805     0.001446498
     2.730000000     0.001973476     4.707997035     0.001587266
     2.740000000     0.002156872     4.727608750     0.001734801
     2.750000000     0.002349547     4.747545362     0.001888584
     2.760000000     0.002551672     4.767814413     0.002047999
     2.770000000     0.002763661     4.788423569     0.002212340
     2.780000000     0.002986281     4.809380618     0.002380818
     2.790000000     0.003220793     4.830693472     0.002552572
     2.800000000     0.003469117     4.852370184     0.002726683
     2.810000000     0.003734039     4.874418985     0.002902188
     2.820000000     0.004019441     4.896848345     0.003078098
     2.830000000     0.004330592     4.919667074     0.003253412
     2.840000000     0.004674468     4.942884462     0.003427139
     2.850000000     0.005060135     4.966510475     0.003598312
     2.860000000     0.005499183     4.990555990     0.003766011
     2.870000000     0.006006221     5.015033062     0.003929376
     2.880000000     0.006599432     5.039955191     0.004087625
     2.890000000     0.007301198     5.065337542     0.004240069
     2.900000000     0.008138787     5.091197067     0.004386121
     2.910000000     0.009145112     5.117552473     0.004525310
     2.920000000     0.010359546     5.144424012     0.004657285
     2.930000000     0.011828802     5.171833093     0.004781826
     2.940000000     0.013607857     5.199801774     0.004898841
     2.950000000     0.015760918     5.228352221     0.005008371
     2.960000000     0.018362405     5.257506214     0.005110588
     2.970000000     0.021497934     5.287284784     0.005205792
     2.980000000     0.025265273     5.317708024     0.005294410
     2.990000000     0.029775241     5.348795052     0.005376989
     3.000000000     0.035152507     5.380564099     0.005454193
     3.010000000     0.041536256     5.413032658     0.005526796
     3.020000000     0.049080670     5.446217645     0.005595679
     3.030000000     0.057955169     5.480135517     0.005661826
     3.040000000     0.068344370     5.514802331     0.005726316
     3.050000000     0.080447700     5.550233712     0.005790325
     3.060000000     0.094478616     5.586444732     0.005855116
     3.070000000     0.110663373     5.623449687     0.005922040
     3.080000000     0.129239301     5.661261782     0.005992529
     3.090000000     0.150452550     5.699892691     0.006068091
     3.100000000     0.174555275     5.739352000     0.006150306
     3.110000000     0.201802245     5.779646486     0.006240814
     3.120000000     0.232446891     5.820779221     0.006341307
     3.130000000     0.266736796     5.862748449     0.006453514
     3.140000000     0.304908678     5.905546199     0.006579188
     3.150000000     0.347182945     5.949156590     0.006720081
     3.160000000     0.393757881     5.993553775     0.006877929
     3.170000000     0.444803613     6.038699481     0.007054419
     3.180000000     0.500455955     6.084540072     0.007251167
     3.190000000     0.560810324     6.131003079     0.007469687
     3.200000000     0.625915869     6.177993099     0.007711357
     3.210000000     0.695770019     6.225386985     0.007977393
     3.220000000     0.770313638     6.273028252     0.008268812
     3.230000000     0.849426979     6.320720622     0.008586413
     3.240000000     0.932926626     6.368220717     0.008930741
     3.250000000     1.020563611     6.415229968     0.009302077
     3.260000000     1.112022839     6.461385953     0.009700413
     3.270000000     1.206923966     6.506253602     0.010125453
     3.280000000     1.304823802     6.549316959     0.010576604
     3.290000000     1.405220300     6.589972640     0.011052989
     3.300000000     1.507558115     6.627526584     0.011553458
     3.310000000     1.611235693     6.661196306     0.012076615
     3.320000000     1.715613779     6.690121422     0.012620852
     3.330000000     1.820025192     6.713385649     0.013184384
     3.340000000     1.923785659     6.730053465     0.013765303
     3.350000000     2.026205468     6.739223841     0.014361627
     3.360000000     2.126601652     6.740101501     0.014971360
     3.370000000     2.224310393     6.732082793     0.015592555
     3.380000000     2.318699324     6.714848695     0.016223376
     3.390000000     2.409179399     6.688452428     0.016862162
     3.400000000     2.495216008     6.653385520     0.017507489
     3.410000000     2.576339031     6.610605726     0.018158231
     3.420000000     2.652151578     6.561514801     0.018813612
     3.430000000     2.722337171     6.507883310     0.019473259
     3.440000000     2.786665207     6.451731048     0.020137244
     3.450000000     2.844994597     6.395180981     0.020806121
     3.460000000     2.897275510     6.340308291     0.021480954
     3.470000000     2.943549265     6.289003436     0.022163344
     3.480000000     2.983946431     6.242861343     0.022855441
     3.490000000     3.018683290     6.203102170     0.023559955
     3.500000000     3.048056848     6.170524962     0.024280165
     3.510000000     3.072438627     6.145494301     0.025019912
     3.520000000     3.092267518     6.127959604     0.025783605
     3.530000000     3.108041959     6.117505246     0.026576212
     3.540000000     3.120311748     6.113426611     0.027403254
     3.550000000     3.129669746     6.114823397     0.028270800
     3.560000000     3.136743753     6.120698567     0.029185458
     3.570000000     3.142188745     6.130050393     0.030154371
     3.580000000     3.146679677     6.141946522     0.031185207
     3.590000000     3.150904952     6.155572919     0.032286148
     3.600000000     3.155560629     6.170256199     0.033465883
     3.610000000     3.161345374     6.185464045     0.034733583
     3.620000000     3.168956096     6.200793194     0.036098884
     3.630000000     3.179084164     6.215956081     0.037571850
     3.640000000     3.192412052     6.230774665     0.039162930
     3.650000000     3.209610219     6.245184082     0.040882896
     3.660000000     3.231334020     6.259241922     0.042742766
     3.670000000     3.258220410     6.273134348     0.044753703
     3.680000000     3.290884248     6.287169931     0.046926902
     3.690000000     3.329913975     6.301756319     0.049273438
     3.700000000     3.375866521     6.317361372     0.051804100
     3.710000000     3.429261316     6.334466136     0.054529199
     3.720000000     3.490573339     6.353519119     0.057458348
     3.730000000     3.560225206     6.374899343     0.060600224
     3.740000000     3.638578373     6.398891045     0.063962312
     3.750000000     3.725923596     6.425668322     0.067550632
     3.760000000     3.822470853     6.455285396     0.071369465
     3.770000000     3.928339008     6.487667830     0.075421071
     3.780000000     4.043545560     6.522601239     0.079705419
     3.790000000     4.167996837     6.559715774     0.084219927
     3.800000000     4.301479060     6.598466639     0.088959236
     3.810000000     4.443650697     6.638113040     0.093915010
     3.820000000     4.594036533     6.677700102     0.099075778
     3.830000000     4.752023854     6.716049691     0.104426839
     3.840000000     4.916861134     6.751765930     0.109950214
     3.850000000     5.087659508     6.783259321     0.115624675
     3.860000000     5.263397312     6.808790372     0.121425844
     3.870000000     5.442927829     6.826530657     0.127326364
     3.880000000     5.624990321     6.834637317     0.133296161
     3.890000000     5.808224330     6.831336434     0.139302770
     3.900000000     5.991187102     6.815010956     0.145311746
     3.910000000     6.172373901     6.784289055     0.151287145
     3.920000000     6.350240896     6.738128022     0.157192070
     3.930000000     6.523230172     6.675887265     0.162989265
     3.940000000     6.689796375     6.597382333     0.168641760
     3.950000000     6.848434398     6.502911750     0.174113540
     3.960000000     6.997707492     6.393250674     0.179370232
     3.970000000     7.136275131     6.269610075     0.184379794
     3.980000000     7.262919953     6.133566211     0.189113176
     3.990000000     7.376573101     5.986970772     0.193544960
     4.000000000     7.476337318     5.831855404     0.197653944
     4.010000000     7.561507187     5.670344126     0.201423656
     4.020000000     7.631585967     5.504583517     0.204842799
     4.030000000     7.686298567     5.336694822     0.207905596
     4.040000000     7.725600272     5.168746605     0.210612032
     4.050000000     7.749680951     5.002742980     0.212967991
     4.060000000     7.758964581     4.840621186     0.214985275
     4.070000000     7.754104036     4.684252316     0.216681501
     4.080000000     7.735971200     4.535438934     0.218079887
     4.090000000     7.705642592     4.395902846     0.219208915
     4.100000000     7.664380782     4.267256537     0.220101898
     4.110000000     7.613611989     4.150954478     0.220796435
     4.120000000     7.554900337     4.048226351     0.221333785
     4.130000000     7.489919330     3.960001828     0.221758166
     4.140000000     7.420421165     3.886842727     0.222115997
     4.150000000     7.348204548     3.828899654     0.222455091
     4.160000000     7.275081725     3.785905499     0.222823829
     4.170000000     7.202845431     3.757208691     0.223270328
     4.180000000     7.133236474     3.741838704     0.223841615
     4.190000000     7.067912660     3.738588857     0.224582841
     4.200000000     7.008419692     3.746099083     0.225536529
     4.210000000     6.956164677     3.762924282     0.226741896
     4.220000000     6.912392763     3.787580102     0.228234244
     4.230000000     6.878167388     3.818565124     0.230044448
     4.240000000     6.854354505     3.854364168     0.232198532
     4.250000000     6.841611090     3.893440498     0.234717367
     4.260000000     6.840378088     3.934225124     0.237616465
     4.270000000     6.850877907     3.975109849     0.240905899
     4.280000000     6.873116409     4.014448651     0.244590332
     4.290000000     6.906889293     4.050570104     0.248669158
     4.300000000     6.951792617     4.081802220     0.253136743
     4.310000000     7.007237162     4.106509798     0.257982771
     4.320000000     7.072466204     4.123142629     0.263192671
     4.330000000     7.146576237     4.130290779     0.268748114
     4.340000000     7.228540086     4.126741439     0.274627582
     4.350000000     7.317231827     4.111531353     0.280806969
     4.360000000     7.411452884     4.083990108     0.287260215
     4.370000000     7.509958669     4.043771983     0.293959958
     4.380000000     7.611485113     3.990876088     0.300878175
     4.390000000     7.714774478     3.925655115     0.307986808
     4.400000000     7.818599843     3.848811858     0.315258351
     4.410000000     7.921787729     3.761380885     0.322666397
     4.420000000     8.023238384     3.664691885     0.330186121
     4.430000000     8.121943300     3.560312380     0.337794689
     4.440000000     8.216999663     3.449970677     0.345471601
     4.450000000     8.307621474     3.335464169     0.353198938
     4.460000000     8.393147225     3.218562128     0.360961538
     4.470000000     8.473044063     3.100914662     0.368747069
     4.480000000     8.546908518     2.983979412     0.376546026
     4.490000000     8.614463924     2.868974565     0.384351650
     4.500000000     8.675554774     2.756861374     0.392159756
     4.510000000     8.730138308     2.648353270     0.399968504
     4.520000000     8.778273717     2.543943522     0.407778105
     4.530000000     8.820109384     2.443940655     0.415590473
     4.540000000     8.855868626     2.348500889     0.423408836
     4.550000000     8.885834429     2.257649584     0.431237319
     4.560000000     8.910333674     2.171288363     0.439080507
     4.570000000     8.929721340     2.089190072     0.446942992
     4.580000000     8.944365163     2.010988366     0.454828931
     4.590000000     8.954631179     1.936170972     0.462741611
     4.600000000     8.960870551     1.864084824     0.470683031
     4.610000000     8.963408008     1.793957768     0.478653523
     4.620000000     8.962532177     1.724936936     0.486651401
     4.630000000     8.958487995     1.656139817     0.494672662
     4.640000000     8.951471359     1.586711761     0.502710726
     4.650000000     8.941626043     1.515883096     0.510756248
     4.660000000     8.929042887     1.443019700     0.518796973
     4.670000000     8.913761160     1.367661777     0.526817663
     4.680000000     8.895771966     1.289546587     0.534800089
     4.690000000     8.875023458     1.208612027     0.542723080
     4.700000000     8.851427647     1.124979770     0.550562651
     4.710000000     8.824868465     1.038919294     0.558292187
     4.720000000     8.795210800     0.950797273     0.565882692
     4.730000000     8.762310127     0.861019927     0.573303099
     4.740000000     8.726022409     0.769977993     0.580520636
     4.750000000     8.686213898     0.678004438     0.587501242
     4.760000000     8.642770527     0.585353228     0.594210022
     4.770000000     8.595606552     0.492203898     0.600611743
     4.780000000     8.544672192     0.398691781     0.606671351
     4.790000000     8.489960009     0.304958761     0.612354509
     4.800000000     8.431509844     0.211215023     0.617628131
     4.810000000     8.369412172     0.117799408     0.622460926
     4.820000000     8.303809775     0.025224997     0.626823909
     4.830000000     8.234897730    -0.065801813     0.630690894
     4.840000000     8.162921712    -0.154396300     0.634038946
     4.850000000     8.088174724    -0.239545584     0.636848779
     4.860000000     8.010992369    -0.320187889     0.639105111
     4.870000000     7.931746863    -0.395308782     0.640796936
     4.880000000     7.850840002    -0.464039021     0.641917740
     4.890000000     7.768695344    -0.525738975     0.642465635
     4.900000000     7.685749887    -0.580057991     0.642443423
     4.910000000     7.602445521    -0.626962342     0.641858579
     4.920000000     7.519220576    -0.666730989     0.640723165
     4.930000000     7.436501720    -0.699923132     0.639053671
     4.940000000     7.354696496    -0.727324716     0.636870799
     4.950000000     7.274186741    -0.749882573     0.634199183
     4.960000000     7.195323071    -0.768635035     0.631067069
     4.970000000     7.118420621    -0.784646854     0.627505952
     4.980000000     7.043756118    -0.798954358     0.623550189
     4.990000000     6.971566377    -0.812523965     0.619236592
     5.000000000     6.902048197    -0.826223892     0.614604009
     5.010000000     6.835359621    -0.840805886     0.609692915
     5.020000000     6.771622438    -0.856892133     0.604544999
     5.030000000     6.710925792    -0.874962932     0.599202774
     5.040000000     6.653330680    -0.895343181     0.593709206
     5.050000000     6.598875131    -0.918189099     0.588107365
     5.060000000     6.547579791    -0.943479387     0.582440108
     5.070000000     6.499453648    -0.971015907     0.576749779
     5.080000000     6.454499633    -1.000437706     0.571077950
     5.090000000     6.412719809    -1.031249504     0.565465175
     5.100000000     6.374119914    -1.062862821     0.559950772
     5.110000000     6.338713019    -1.094645652     0.554572625
     5.120000000     6.306522122    -1.125975399     0.549366995
     5.130000000     6.277581530    -1.156289341     0.544368347
     5.140000000     6.251936927    -1.185126892     0.539609179
     5.150000000     6.229644106    -1.212158300     0.535119852
     5.160000000     6.210766346    -1.237195650     0.530928423
     5.170000000     6.195370534    -1.260184634     0.527060465
     5.180000000     6.183522142    -1.281179337     0.523538892
     5.190000000     6.175279223    -1.300306329     0.520383764
     5.200000000     6.170685656    -1.317727235     0.517612096
     5.210000000     6.169763881    -1.333609533     0.515237659
     5.220000000     6.172507406    -1.348113285     0.513270779
     5.230000000     6.178873377    -1.361397354     0.511718136
     5.240000000     6.188775514    -1.373643573     0.510582581
     5.250000000     6.202077709    -1.385092734     0.509862956
     5.260000000     6.218588563    -1.396083333     0.509553938
     5.270000000     6.238057117    -1.407083565     0.509645920
     5.280000000     6.260169989    -1.418708846     0.510124912
     5.290000000     6.284550106    -1.431720474     0.510972493
     5.300000000     6.310757126    -1.447004664     0.512165813
     5.310000000     6.338289639    -1.465534297     0.513677642
     5.320000000     6.366589146    -1.488317737     0.515476482
     5.330000000     6.395045752    -1.516340095     0.517526737
     5.340000000     6.423005479    -1.550502510     0.519788949
     5.350000000     6.449779015    -1.591564905     0.522220095
     5.360000000     6.474651689    -1.640097473     0.524773944
     5.370000000     6.496894418    -1.696445846     0.527401472
     5.380000000     6.515775326    -1.760713997     0.530051332
     5.390000000     6.530571722    -1.832766473     0.532670366
     5.400000000     6.540582125    -1.912247579     0.535204160
     5.410000000     6.545137992    -1.998610579     0.537597621
     5.420000000     6.543614857    -2.091147130     0.539795581
     5.430000000     6.535442569    -2.189008228     0.541743404
     5.440000000     6.520114402    -2.291213221     0.543387599
     5.450000000     6.497194797    -2.396650837     0.544676411
     5.460000000     6.466325576    -2.504082154     0.545560406
     5.470000000     6.427230530    -2.612156880     0.545993013
     5.480000000     6.379718293    -2.719450568     0.545931033
     5.490000000     6.323683525    -2.824523538     0.545335108
     5.500000000     6.259106440    -2.925995570     0.544170129
     5.510000000     6.186050777    -3.022626578     0.542405601
     5.520000000     6.104660361    -3.113393031     0.540015939
     5.530000000     6.015154417    -3.197551631     0.536980713
     5.540000000     5.917821855    -3.274683905     0.533284824
     5.550000000     5.813014726    -3.344716921     0.528918624
     5.560000000     5.701141095    -3.407916412     0.523877976
     5.570000000     5.582657522    -3.464850008     0.518164249
     5.580000000     5.458061407    -3.516320744     0.511784263
     5.590000000     5.327883350    -3.563274664     0.504750176
     5.600000000     5.192679722    -3.606690375     0.497079325
     5.610000000     5.053025585    -3.647462158     0.488794004
     5.620000000     4.909508062    -3.686290600     0.479921218
     5.630000000     4.762720242    -3.723595354     0.470492373
     5.640000000     4.613255672    -3.759463071     0.460542945
     5.650000000     4.461703436    -3.793639548     0.450112101
     5.660000000     4.308643842    -3.825568933     0.439242298
     5.670000000     4.154644658    -3.854474849     0.427978849
     5.680000000     4.000257873    -3.879470502     0.416369473
     5.690000000     3.846016926    -3.899679308     0.404463823
     5.700000000     3.692434332    -3.914346311     0.392313005
     5.710000000     3.539999652    -3.922924074     0.379969092
     5.720000000     3.389177756    -3.925123488     0.367484639
     5.730000000     3.240407307    -3.920927618     0.354912200
     5.740000000     3.094099450    -3.910573024     0.342303866
     5.750000000     2.950636660    -3.894506796     0.329710814
     5.760000000     2.810371732    -3.873328805     0.317182887
     5.770000000     2.673626905    -3.847728183     0.304768199
     5.780000000     2.540693119    -3.818421596     0.292512780
     5.790000000     2.411829421    -3.786099182     0.280460256
     5.800000000     2.287262515    -3.751382209     0.268651570
     5.810000000     2.167186491    -3.714794845     0.257124748
     5.820000000     2.051762740    -3.676750706     0.245914709
     5.830000000     1.941120071    -3.637553284     0.235053117
     5.840000000     1.835355041    -3.597407860     0.224568274
     5.850000000     1.734532516    -3.556441459     0.214485060
     5.860000000     1.638686446    -3.514726828     0.204824902
     5.870000000     1.547820869    -3.472306471     0.195605779
     5.880000000     1.461911128    -3.429213462     0.186842265
     5.890000000     1.380905282    -3.385486861     0.178545584
     5.900000000     1.304725703    -3.341180932     0.170723700
     5.910000000     1.233270832    -3.296368632     0.163381419
     5.920000000     1.166417068    -3.251140771     0.156520508
     5.930000000     1.104020780    -3.205602626     0.150139826
     5.940000000     1.045920407    -3.159869545     0.144235468
     5.950000000     0.991938618    -3.114062578     0.138800912
     5.960000000     0.941884537    -3.068304639     0.133827179
     5.970000000     0.895555987    -3.022717465     0.129303002
     5.980000000     0.852741751    -2.977419690     0.125214989
     5.990000000     0.813223834    -2.932526445     0.121547813
     6.000000000     0.776779707    -2.888150754     0.118284388
     6.010000000     0.743184524    -2.844406509     0.115406074
     6.020000000     0.712213297    -2.801412080     0.112892868
     6.030000000     0.683643012    -2.759293037     0.110723620
     6.040000000     0.657254675    -2.718182264     0.108876245
     6.050000000     0.632835264    -2.678216109     0.107327946
     6.060000000     0.610179570    -2.639526004     0.106055436
     6.070000000     0.589091908    -2.602226050     0.105035165
     6.080000000     0.569387668    -2.566398065     0.104243543
     6.090000000     0.550894689    -2.532076427     0.103657160
     6.100000000     0.533454424    -2.499235522     0.103252997
     6.110000000     0.516922886    -2.467782579     0.103008623
     6.120000000     0.501171338    -2.437558090     0.102902376
     6.130000000     0.486086726    -2.408344787     0.102913530
     6.140000000     0.471571829    -2.379884523     0.103022428
     6.150000000     0.457545136    -2.351900670     0.103210601
     6.160000000     0.443940437    -2.324122418     0.103460848
     6.170000000     0.430706138    -2.296306989     0.103757296
     6.180000000     0.417804327    -2.268256436     0.104085422
     6.190000000     0.405209602    -2.239827169     0.104432050
     6.200000000     0.392907697    -2.210932102     0.104785318
     6.210000000     0.380893946    -2.181536759     0.105134619
     6.220000000     0.369171622    -2.151651496     0.105470518
     6.230000000     0.357750203    -2.121322055     0.105784652
     6.240000000     0.346643606    -2.090620213     0.106069610
     6.250000000     0.335868454    -2.059635585     0.106318809
     6.260000000     0.325442408    -2.028469024     0.106526362
     6.270000000     0.315382619    -1.997227611     0.106686946
     6.280000000     0.305704338    -1.966021016     0.106795672
     6.290000000     0.296419729    -1.934958917     0.106847974
     6.300000000     0.287536898    -1.904149156     0.106839502
     6.310000000     0.279059170    -1.873696299     0.106766037
     6.320000000     0.270984621    -1.843700250     0.106623428
     6.330000000     0.263305875    -1.814254610     0.106407552
     6.340000000     0.256010153    -1.785444481     0.106114291
     6.350000000     0.249079563    -1.757343535     0.105739538
     6.360000000     0.242491617    -1.730010340     0.105279231
     6.370000000     0.236219937    -1.703484120     0.104729394
     6.380000000     0.230235133    -1.677780405     0.104086210
     6.390000000     0.224505807    -1.652887307     0.103346103
     6.400000000     0.218999651    -1.628763275     0.102505835
     6.410000000     0.213684602    -1.605337225     0.101562607
     6.420000000     0.208530025    -1.582511647     0.100514169
     6.430000000     0.203507872    -1.560168768     0.099358920
     6.440000000     0.198593811    -1.538179225     0.098096015
     6.450000000     0.193768274    -1.516412121     0.096725455
     6.460000000     0.189017429    -1.494745021     0.095248162
     6.470000000     0.184334031    -1.473072495     0.093666048
     6.480000000     0.179718164    -1.451312099     0.091982056
     6.490000000     0.175177853    -1.429407249     0.090200188
     6.500000000     0.170729547    -1.407326904     0.088325508
     6.510000000     0.166398472    -1.385062478     0.086364128
     6.520000000     0.162218860    -1.362622727     0.084323173
     6.530000000     0.158234053    -1.340027519     0.082210721
     6.540000000     0.154496490    -1.317301477     0.080035738
     6.550000000     0.151067581    -1.294468391     0.077807984
     6.560000000     0.148017464    -1.271547145     0.075537919
     6.570000000     0.145424666    -1.248549590     0.073236590
     6.580000000     0.143375633    -1.225480450     0.070915520
     6.590000000     0.141964162    -1.202338950     0.068586584
     6.600000000     0.141290701    -1.179121549     0.066261893
     6.610000000     0.141461512    -1.155824964     0.063953673
     6.620000000     0.142587708    -1.132448767     0.061674149
     6.630000000     0.144784110    -1.108997034     0.059435435
     6.640000000     0.148167959    -1.085478847     0.057249427
     6.650000000     0.152857435    -1.061907771     0.055127706
     6.660000000     0.158969998    -1.038300603     0.053081442
     6.670000000     0.166620534    -1.014675834     0.051121311
     6.680000000     0.175919322    -0.991052209     0.049257410
     6.690000000     0.186969821    -0.967447775     0.047499182
     6.700000000     0.199866301    -0.943879657     0.045855342
     6.710000000     0.214691346    -0.920364724     0.044333806
     6.720000000     0.231513262    -0.896921126     0.042941626
     6.730000000     0.250383453    -0.873570594     0.041684920
     6.740000000     0.271333799    -0.850341251     0.040568810
     6.750000000     0.294374129    -0.827270684     0.039597357
     6.760000000     0.319489841    -0.804409037     0.038773506
     6.770000000     0.346639766    -0.781822016     0.038099027
     6.780000000     0.375754343    -0.759593778     0.037574469
     6.790000000     0.406734204    -0.737829789     0.037199118
     6.800000000     0.439449230    -0.716659727     0.036970968
     6.810000000     0.473738167    -0.696240512     0.036886709
     6.820000000     0.509408857    -0.676759391     0.036941719
     6.830000000     0.546239131    -0.658436885     0.037130089
     6.840000000     0.583978400    -0.641529214     0.037444664
     6.850000000     0.622349966    -0.626329561     0.037877095
     6.860000000     0.661054024    -0.613167326     0.038417933
     6.870000000     0.699771350    -0.602404256     0.039056734
     6.880000000     0.738167602    -0.594426191     0.039782188
     6.890000000     0.775898171    -0.589629132     0.040582274
     6.900000000     0.812613483    -0.588398627     0.041444428
     6.910000000     0.847964623    -0.591082142     0.042355731
     6.920000000     0.881609175    -0.597955308     0.043303107
     6.930000000     0.913217103    -0.609184568     0.044273527
     6.940000000     0.942476553    -0.624790575     0.045254211
     6.950000000     0.969099396    -0.644618219     0.046232832
     6.960000000     0.992826381    -0.668319618     0.047197705
     6.970000000     1.013431748    -0.695355437     0.048137961
     6.980000000     1.030727171    -0.725017191     0.049043698
     6.990000000     1.044564930    -0.756469492     0.049906111
     7.000000000     1.054840215    -0.788807313     0.050717585
     7.010000000     1.061492509    -0.821120558     0.051471765
     7.020000000     1.064506010    -0.852557055     0.052163579
     7.030000000     1.063909097    -0.882375879     0.052789238
     7.040000000     1.059772849    -0.909985069     0.053346193
     7.050000000     1.052208694    -0.934960789     0.053833065
     7.060000000     1.041365244    -0.957048085     0.054249542
     7.070000000     1.027424435    -0.976145945     0.054596253
     7.080000000     1.010597089    -0.992281185     0.054874622
     7.090000000     0.991118026    -1.005576384     0.055086704
     7.100000000     0.969240892    -1.016216982     0.055235018
     7.110000000     0.945232821    -1.024421748     0.055322372
     7.120000000     0.919369115    -1.030419496     0.055351700
     7.130000000     0.891928053    -1.034433422     0.055325899
     7.140000000     0.863185975    -1.036673037     0.055247693
     7.150000000     0.833412759    -1.037332499     0.055119509
     7.160000000     0.802867774    -1.036593458     0.054943383
     7.170000000     0.771796401    -1.034630207     0.054720886
     7.180000000     0.740427165    -1.031615044     0.054453089
     7.190000000     0.708969515    -1.027722082     0.054140546
     7.200000000     0.677612255    -1.023128236     0.053783314
     7.210000000     0.646522625    -1.018010721     0.053380992
     7.220000000     0.615845977    -1.012541046     0.052932791
     7.230000000     0.585706025    -1.006876129     0.052437615
     7.240000000     0.556205585    -1.001147800     0.051894164
     7.250000000     0.527427734    -0.995452355     0.051301047
     7.260000000     0.499437318    -0.989842100     0.050656892
     7.270000000     0.472282712    -0.984320699     0.049960469
     7.280000000     0.445997756    -0.978843702     0.049210799
     7.290000000     0.420603773    -0.973324837     0.048407253
     7.300000000     0.396111612    -0.967647578     0.047549645
     7.310000000     0.372523630    -0.961680386     0.046638304
     7.320000000     0.349835560    -0.955293222     0.045674125
     7.330000000     0.328038222    -0.948372652     0.044658602
     7.340000000     0.307119035    -0.940833279     0.043593844
     7.350000000     0.287063305    -0.932624197     0.042482560
     7.360000000     0.267855283    -0.923730274     0.041328034
     7.370000000     0.249478978    -0.914169091     0.040134080
     7.380000000     0.231918751    -0.903984937     0.038904975
     7.390000000     0.215159686    -0.893241416     0.037645389
     7.400000000     0.199187766    -0.882013980     0.036360298
     7.410000000     0.183989892    -0.870383326     0.035054898
     7.420000000     0.169553757    -0.858430126     0.033734509
     7.430000000     0.155867624    -0.846231236     0.032404487
     7.440000000     0.142920021    -0.833857249     0.031070135
     7.450000000     0.130699405    -0.821371181     0.029736626
     7.460000000     0.119193804    -0.808827981     0.028408924
     7.470000000     0.108390474    -0.796274630     0.027091730
     7.480000000     0.098275587    -0.783750602     0.025789427
     7.490000000     0.088833966    -0.771288523     0.024506047
     7.500000000     0.080048882    -0.758914938     0.023245238
     7.510000000     0.071901920    -0.746651077     0.022010256
     7.520000000     0.064372912    -0.734513617     0.020803961
     7.530000000     0.057439947    -0.722515378     0.019628819
     7.540000000     0.051079444    -0.710665958     0.018486920
     7.550000000     0.045266283    -0.698972293     0.017379997
     7.560000000     0.039974000    -0.687439144     0.016309452
     7.570000000     0.035175006    -0.676069511     0.015276384
     7.580000000     0.030840855    -0.664864970     0.014281621
     7.590000000     0.026942523    -0.653825965     0.013325746
     7.600000000     0.023450693    -0.642952037     0.012409131
     7.610000000     0.020336053    -0.632242015     0.011531963
     7.620000000     0.017569569    -0.621694165     0.010694263
     7.630000000     0.015122753    -0.611306314     0.009895916
     7.640000000     0.012967898    -0.601075952     0.009136681
     7.650000000     0.011078293    -0.591000310     0.008416209
     7.660000000     0.009428401    -0.581076425     0.007734053
     7.670000000     0.007994004    -0.571301199     0.007089675
     7.680000000     0.006752317    -0.561671440     0.006482454
     7.690000000     0.005682067    -0.552183900     0.005911687
     7.700000000     0.004763537    -0.542835307     0.005376591
     7.710000000     0.003978589    -0.533622385     0.004876309
     7.720000000     0.003310651    -0.524541880     0.004409905
     7.730000000     0.002744687    -0.515590575     0.003976371
     7.740000000     0.002267147    -0.506765300     0.003574627
     7.750000000     0.001865900    -0.498062943     0.003203526
     7.760000000     0.001530154    -0.489480459     0.002861857
     7.770000000     0.001250369    -0.481014876     0.002548350
     7.780000000     0.001018165    -0.472663298     0.002261688
     7.790000000     0.000826223    -0.464422905     0.002000510
     7.800000000     0.000668191    -0.456290959     0.001763422
     7.810000000     0.000538585    -0.448264804     0.001549008
     7.820000000     0.000432700    -0.440341862     0.001355842
     7.830000000     0.000346521    -0.432519637     0.001182496
     7.840000000     0.000276640    -0.424795711     0.001027551
     7.850000000     0.000220179    -0.417167744     0.000889610
     7.860000000     0.000174723    -0.409633471     0.000767308
     7.870000000     0.000138253    -0.402190702     0.000659319
     7.880000000     0.000109090    -0.394837318     0.000564365
     7.890000000     0.000085847    -0.387571270     0.000481224
     7.900000000     0.000067380    -0.380390575     0.000408735
     7.910000000     0.000052752    -0.373293318     0.000345805
     7.920000000     0.000041200    -0.366277645     0.000291408
     7.930000000     0.000032102    -0.359341762     0.000244591
     7.940000000     0.000024957    -0.352483936     0.000204473
     7.950000000     0.000019360    -0.345702489     0.000170247
     7.960000000     0.000014987    -0.338995796     0.000141175
     7.970000000     0.000011578    -0.332362287     0.000116591
     7.980000000     0.000008927    -0.325800439     0.000095894
     7.990000000     0.000006870    -0.319308781     0.000078547
     8.000000000     0.000005276    -0.312885886     0.000064072
     8.010000000     0.000004045    -0.306530371     0.000052048
     8.020000000     0.000003096    -0.300240897     0.000042105
     8.030000000     0.000002365    -0.294016168     0.000033919
     8.040000000     0.000001803    -0.287854924     0.000027210
     8.050000000     0.000001372    -0.281755945     0.000021737
     8.060000000     0.000001042    -0.275718049     0.000017291
     8.070000000     0.000000790    -0.269740086     0.000013697
     8.080000000     0.000000598    -0.263820942     0.000010804
     8.090000000     0.000000452    -0.257959536     0.000008486
     8.100000000     0.000000340    -0.252154817     0.000006637
     8.110000000     0.000000256    -0.246405763     0.000005168
     8.120000000     0.000000192    -0.240711384     0.000004008
     8.130000000     0.000000144    -0.235070716     0.000003095
     8.140000000     0.000000107    -0.229482823     0.000002379
     8.150000000     0.000000080    -0.223946792     0.000001821
     8.160000000     0.000000059    -0.218461739     0.000001388
     8.170000000     0.000000044    -0.213026800     0.000001054
     8.180000000     0.000000032    -0.207641138     0.000000796
     8.190000000     0.000000024    -0.202303934     0.000000599
     8.200000000     0.000000018    -0.197014395     0.000000449
     8.210000000     0.000000013    -0.191771745     0.000000335
     8.220000000     0.000000009    -0.186575229     0.000000249
     8.230000000     0.000000007    -0.181424113     0.000000184
     8.240000000     0.000000005    -0.176317680     0.000000135
     8.250000000     0.000000004    -0.171255231     0.000000099
     8.260000000     0.000000003    -0.166236085     0.000000073
     8.270000000     0.000000002    -0.161259576     0.000000053
     8.280000000     0.000000001    -0.156325056     0.000000038
     8.290000000     0.000000001    -0.151431893     0.000000027
     8.300000000     0.000000001    -0.146579469     0.000000020
     8.310000000     0.000000000    -0.141767180     0.000000014
     8.320000000     0.000000000    -0.136994438     0.000000010
     8.330000000     0.000000000    -0.132260667     0.000000007
     8.340000000     0.000000000    -0.127565306     0.000000005
     8.350000000     0.000000000    -0.122907804     0.000000004
     8.360000000     0.000000000    -0.118287626     0.000000002
     8.370000000     0.000000000    -0.113704246     0.000000002
     8.380000000     0.000000000    -0.109157151     0.000000001
     8.390000000     0.000000000    -0.104645839     0.000000001
     8.400000000     0.000000000    -0.100169820     0.000000001
     8.410000000     0.000000000    -0.095728613     0.000000000
     8.420000000     0.000000000    -0.091321747     0.000000000
     8.430000000     0.000000000    -0.086948764     0.000000000
     8.440000000     0.000000000    -0.082609212     0.000000000
     8.450000000     0.000000000    -0.078302651     0.000000000
     8.460000000     0.000000000    -0.074028649     0.000000000
     8.470000000     0.000000000    -0.069786782     0.000000000
     8.480000000     0.000000000    -0.065576637     0.000000000
     8.490000000     0.000000000    -0.061397807     0.000000000
     8.500000000     0.000000000    -0.057249895     0.000000000
     8.510000000     0.000000000    -0.053132510     0.000000000
     8.520000000     0.000000000    -0.049045270     0.000000000
     8.530000000     0.000000000    -0.044987800     0.000000000
     8.540000000     0.000000000    -0.040959733     0.000000000
     8.550000000     0.000000000    -0.036960707     0.000000000
     8.560000000     0.000000000    -0.032990370     0.000000000
     8.570000000     0.000000000    -0.029048375     0.000000000
     8.580000000     0.000000000    -0.025134380     0.000000000
     8.590000000     0.000000000    -0.021248051     0.000000000
     8.600000000     0.000000000    -0.017389062     0.000000000
     8.610000000     0.000000000    -0.013557089     0.000000000
     8.620000000     0.000000000    -0.009751816     0.000000000
     8.630000000     0.000000000    -0.005972933     0.000000000
     8.640000000     0.000000000    -0.002220136     0.000000000
     8.650000000     0.000000000     0.001506875     0.000000000
     8.660000000     0.000000000     0.005208395     0.000000000
     8.670000000     0.000000000     0.008884713     0.000000000
     8.680000000     0.000000000     0.012536111     0.000000000
     8.690000000     0.000000000     0.016162871     0.000000000
     8.700000000     0.000000000     0.019765265     0.000000000
     8.710000000     0.000000000     0.023343563     0.000000000
     8.720000000     0.000000000     0.026898031     0.000000000
     8.730000000     0.000000000     0.030428929     0.000000000
     8.740000000     0.000000000     0.033936513     0.000000000
     8.750000000     0.000000000     0.037421036     0.000000000
     8.760000000     0.000000000     0.040882745     0.000000000
     8.770000000     0.000000000     0.044321884     0.000000000
     8.780000000     0.000000000     0.047738693     0.000000000
     8.790000000     0.000000000     0.051133408     0.000000000
     8.800000000     0.000000000     0.054506262     0.000000000
     8.810000000     0.000000000     0.057857482     0.000000000
     8.820000000     0.000000000     0.061187294     0.000000000
     8.830000000     0.000000000     0.064495919     0.000000000
     8.840000000     0.000000000     0.067783576     0.000000000
     8.850000000     0.000000000     0.071050478     0.000000000
     8.860000000     0.000000000     0.074296837     0.000000000
     8.870000000     0.000000000     0.077522861     0.000000000
     8.880000000     0.000000000     0.080728756     0.000000000
     8.890000000     0.000000000     0.083914722     0.000000000
     8.900000000     0.000000000     0.087080958     0.000000000
     8.910000000     0.000000000     0.090227661     0.000000000
     8.920000000     0.000000000     0.093355023     0.000000000
     8.930000000     0.000000000     0.096463234     0.000000000
     8.940000000     0.000000000     0.099552481     0.000000000
     8.950000000     0.000000000     0.102622950     0.000000000
     8.960000000     0.000000000     0.105674821     0.000000000
     8.970000000     0.000000000     0.108708275     0.000000000
     8.980000000     0.000000000     0.111723487     0.000000000
     8.990000000     0.000000000     0.114720632     0.000000000
     9.000000000     0.000000000     0.117699881     0.000000000
     9.010000000     0.000000000     0.120661405     0.000000000
     9.020000000     0.000000000     0.123605369     0.000000000
     9.030000000     0.000000000     0.126531938     0.000000000
     9.040000000     0.000000000     0.129441275     0.000000000
     9.050000000     0.000000000     0.132333540     0.000000000
     9.060000000     0.000000000     0.135208890     0.000000000
     9.070000000     0.000000000     0.138067481     0.000000000
     9.080000000     0.000000000     0.140909467     0.000000000
     9.090000000     0.000000000     0.143734999     0.000000000
     9.100000000     0.000000000     0.146544227     0.000000000
     9.110000000     0.000000000     0.149337299     0.000000000
     9.120000000     0.000000000     0.152114359     0.000000000
     9.130000000     0.000000000     0.154875552     0.000000000
     9.140000000     0.000000000     0.157621020     0.000000000
     9.150000000     0.000000000     0.160350901     0.000000000
     9.160000000     0.000000000     0.163065335     0.000000000
     9.170000000     0.000000000     0.165764457     0.000000000
     9.180000000     0.000000000     0.168448402     0.000000000
     9.190000000     0.000000000     0.171117303     0.000000000
     9.200000000     0.000000000     0.173771291     0.000000000
     9.210000000     0.000000000     0.176410495     0.000000000
     9.220000000     0.000000000     0.179035044     0.000000000
     9.230000000     0.000000000     0.181645063     0.000000000
     9.240000000     0.000000000     0.184240677     0.000000000
     9.250000000     0.000000000     0.186822010     0.000000000
     9.260000000     0.000000000     0.189389182     0.000000000
     9.270000000     0.000000000     0.191942314     0.000000000
     9.280000000     0.000000000     0.194481524     0.000000000
     9.290000000     0.000000000     0.197006930     0.000000000
     9.300000000     0.000000000     0.199518647     0.000000000
     9.310000000     0.000000000     0.202016790     0.000000000
     9.320000000     0.000000000     0.204501471     0.000000000
     9.330000000     0.000000000     0.206972803     0.000000000
     9.340000000     0.000000000     0.209430895     0.000000000
     9.350000000     0.000000000     0.211875856     0.000000000
     9.360000000     0.000000000     0.214307794     0.000000000
     9.370000000     0.000000000     0.216726815     0.000000000
     9.380000000     0.000000000     0.219133026     0.000000000
     9.390000000     0.000000000     0.221526528     0.000000000
     9.400000000     0.000000000     0.223907426     0.000000000
     9.410000000     0.000000000     0.226275820     0.000000000
     9.420000000     0.000000000     0.228631812     0.000000000
     9.430000000     0.000000000     0.230975499     0.000000000
     9.440000000     0.000000000     0.233306981     0.000000000
     9.450000000     0.000000000     0.235626354     0.000000000
     9.460000000     0.000000000     0.237933714     0.000000000
     9.470000000     0.000000000     0.240229156     0.000000000
     9.480000000     0.000000000     0.242512774     0.000000000
     9.490000000     0.000000000     0.244784660     0.000000000
     9.500000000     0.000000000     0.247044905     0.000000000
     9.510000000     0.000000000     0.249293601     0.000000000
     9.520000000     0.000000000     0.251530837     0.000000000
     9.530000000     0.000000000     0.253756701     0.000000000
     9.540000000     0.000000000     0.255971282     0.000000000
     9.550000000     0.000000000     0.258174666     0.000000000
     9.560000000     0.000000000     0.260366938     0.000000000
     9.570000000     0.000000000     0.262548184     0.000000000
     9.580000000     0.000000000     0.264718487     0.000000000
     9.590000000     0.000000000     0.266877931     0.000000000
     9.600000000     0.000000000     0.269026597     0.000000000
     9.610000000     0.000000000     0.271164566     0.000000000
     9.620000000     0.000000000     0.273291920     0.000000000
     9.630000000     0.000000000     0.275408737     0.000000000
     9.640000000     0.000000000     0.277515096     0.000000000
     9.650000000     0.000000000     0.279611076     0.000000000
     9.660000000     0.000000000     0.281696752     0.000000000
     9.670000000     0.000000000     0.283772201     0.000000000
     9.680000000     0.000000000     0.285837500     0.000000000
     9.690000000     0.000000000     0.287892721     0.000000000
     9.700000000     0.000000000     0.289937939     0.000000000
     9.710000000     0.000000000     0.291973228     0.000000000
     9.720000000     0.000000000     0.293998660     0.000000000
     9.730000000     0.000000000     0.296014305     0.000000000
     9.740000000     0.000000000     0.298020236     0.000000000
     9.750000000     0.000000000     0.300016522     0.000000000
     9.760000000     0.000000000     0.302003233     0.000000000
     9.770000000     0.000000000     0.303980437     0.000000000
     9.780000000     0.000000000     0.305948202     0.000000000
     9.790000000     0.000000000     0.307906597     0.000000000
     9.800000000     0.000000000     0.309855687     0.000000000
     9.810000000     0.000000000     0.311795539     0.000000000
     9.820000000     0.000000000     0.313726218     0.000000000
     9.830000000     0.000000000     0.315647788     0.000000000
     9.840000000     0.000000000     0.317560315     0.000000000
     9.850000000     0.000000000     0.319463861     0.000000000
     9.860000000     0.000000000     0.321358489     0.000000000
     9.870000000     0.000000000     0.323244262     0.000000000
     9.880000000     0.000000000     0.325121240     0.000000000
     9.890000000     0.000000000     0.326989486     0.000000000
     9.900000000     0.000000000     0.328849060     0.000000000
     9.910000000     0.000000000     0.330700021     0.000000000
     9.920000000     0.000000000     0.332542428     0.000000000
     9.930000000     0.000000000     0.334376341     0.000000000
     9.940000000     0.000000000     0.336201818     0.000000000
     9.950000000     0.000000000     0.338018916     0.000000000
     9.960000000     0.000000000     0.339827693     0.000000000
     9.970000000     0.000000000     0.341628204     0.000000000
     9.980000000     0.000000000     0.343420506     0.000000000
     9.990000000     0.000000000     0.345204654     0.000000000
    10.000000000     0.000000000     0.346980704     0.000000000
