# spin    band          kx          ky          kz          E(MF)          E(QP)        Delta E
#                        (Cartesian coordinates)             (eV)           (eV)           (eV)
     1      34     0.06168     0.09200     0.00000    2.598968644    0.099119720   -2.499848923
     1      34     0.06168     0.24039     0.00000    2.367563864   -0.182642672   -2.550206536
     1      34     0.06168     0.38877     0.00000    2.012776494   -0.328930516   -2.341707011
     1      34     0.06168     0.53716     0.00000    2.178013370   -0.204648098   -2.382661468
     1      34     0.06168    -0.50155     0.00000    2.111455739   -0.262193837   -2.373649576
     1      34     0.06168    -0.35316     0.00000    2.092905672   -0.290700826   -2.383606499
     1      34     0.06168    -0.20477     0.00000    2.487478936   -0.049897717   -2.537376654
     1      34     0.06168    -0.05639     0.00000    2.578091071    0.101909432   -2.476181639
     1      34     0.19019     0.16619     0.00000    2.313282868   -0.282798924   -2.596081792
     1      34     0.19019     0.31458     0.00000    2.120884620   -0.297700096   -2.418584716
     1      34     0.19019     0.46297     0.00000    1.721114785   -1.036062336   -2.757177121
     1      34     0.19019    -0.57574     0.00000    1.400733417   -1.425854886   -2.826588303
     1      34     0.19019    -0.42735     0.00000    1.875368556   -0.851076091   -2.726444647
     1      34     0.19019    -0.27897     0.00000    2.152222194   -0.268668797   -2.420890992
     1      34     0.19019    -0.13058     0.00000    2.308547416   -0.338384773   -2.646932190
     1      34     0.19019     0.01781     0.00000    2.571518901    0.075757105   -2.495761796
     1      34     0.31870     0.24039     0.00000    1.980913344   -0.349986834   -2.330900179
     1      34     0.31870     0.38877     0.00000    1.700862039   -1.044275630   -2.745137669
     1      34     0.31870     0.53716     0.00000    1.250183228   -1.615705970   -2.865889198
     1      34     0.31870    -0.50155     0.00000    1.346357517   -1.523211161   -2.869568678
     1      34     0.31870    -0.35316     0.00000    1.777240201   -0.927095003   -2.704335204
     1      34     0.31870    -0.20477     0.00000    1.967782830   -0.347550634   -2.315333464
     1      34     0.31870    -0.05639     0.00000    2.156328506   -0.302963338   -2.459291844
     1      34     0.31870     0.09200     0.00000    2.139180529   -0.417375289   -2.556555818
     1      34     0.44720     0.31458     0.00000    2.157938048   -0.224196028   -2.382134076
     1      34    -0.58085    -0.13058     0.00000    1.425614508   -1.381846857   -2.807461365
     1      34    -0.58085     0.01781     0.00000    1.391684535   -1.481575862   -2.873260397
     1      34    -0.58085     0.16619     0.00000    1.471931460   -1.269706243   -2.741637703
     1      34     0.44720    -0.27897     0.00000    2.053827751   -0.307336940   -2.361164691
     1      34     0.44720    -0.13058     0.00000    1.830142321   -0.672287035   -2.502429356
     1      34     0.44720     0.01781     0.00000    1.988920090   -0.697920456   -2.686840546
     1      34     0.44720     0.16619     0.00000    2.073628916   -0.313546096   -2.387175012
     1      34    -0.45234    -0.20477     0.00000    2.063425273   -0.303765126   -2.367190399
     1      34    -0.45234    -0.05639     0.00000    1.916900963   -0.786114818   -2.703015781
     1      34    -0.45234     0.09200     0.00000    1.837744858   -0.856201905   -2.693946764
     1      34    -0.45234     0.24039     0.00000    2.025129844   -0.330075659   -2.355205503
     1      34    -0.45234     0.38877     0.00000    1.880540829   -0.727361048   -2.607901878
     1      34     0.57571    -0.05639     0.00000    1.414602546   -1.423994407   -2.838596953
     1      34     0.57571     0.09200     0.00000    1.421521767   -1.401406234   -2.822928001
     1      34    -0.45234    -0.35316     0.00000    2.185910375   -0.271560602   -2.457470977
     1      34    -0.32384    -0.13058     0.00000    2.095793791   -0.262940929   -2.358734719
     1      34    -0.32384     0.01781     0.00000    2.185014514   -0.233109776   -2.418124289
     1      34    -0.32384     0.16619     0.00000    2.004522265   -0.312897750   -2.317420015
     1      34    -0.32384     0.31458     0.00000    1.832702389   -0.677142458   -2.509844847
     1      34    -0.32384     0.46297     0.00000    1.461209152   -1.378308378   -2.839517531
     1      34    -0.32384    -0.57574     0.00000    1.185188216   -1.673001366   -2.858189582
     1      34    -0.32384    -0.42735     0.00000    1.575727298   -1.227953374   -2.803680671
     1      34    -0.32384    -0.27897     0.00000    2.023102616   -0.345880360   -2.368982976
     1      34    -0.19533    -0.05639     0.00000    2.486945102   -0.079556677   -2.566501779
     1      34    -0.19533     0.09200     0.00000    2.364879449   -0.270516405   -2.635395854
     1      34    -0.19533     0.24039     0.00000    2.203145402   -0.249392519   -2.452537921
     1      34    -0.19533     0.38877     0.00000    2.038729921   -0.623006085   -2.661736007
     1      34    -0.19533     0.53716     0.00000    1.458070015   -1.347482501   -2.805552516
     1      34    -0.19533    -0.50155     0.00000    1.565750990   -1.222959983   -2.788710973
     1      34    -0.19533    -0.35316     0.00000    2.123199767   -0.298496676   -2.421696442
     1      34    -0.19533    -0.20477     0.00000    2.263731995   -0.250269089   -2.514001084
     1      34    -0.06682     0.01781     0.00000    2.572649000    0.113298574   -2.459350425
     1      34    -0.06682     0.16619     0.00000    2.576623662    0.057195259   -2.519428403
     1      34    -0.06682     0.31458     0.00000    2.192227588   -0.365607977   -2.557835565
     1      34    -0.06682     0.46297     0.00000    2.050789255   -0.311443007   -2.362232263
     1      34    -0.06682    -0.57574     0.00000    2.229980919   -0.160196129   -2.390177048
     1      34    -0.06682    -0.42735     0.00000    2.009107672   -0.340021424   -2.349129096
     1      34    -0.06682    -0.27897     0.00000    2.221812094   -0.353555343   -2.575367437
     1      34    -0.06682    -0.13058     0.00000    2.606388078    0.088023526   -2.518364551
     1      35     0.06168     0.09200     0.00000    2.841219076    0.672017632   -2.169201444
     1      35     0.06168     0.24039     0.00000    2.562958758    0.152158376   -2.410800381
     1      35     0.06168     0.38877     0.00000    2.208573134   -0.215734333   -2.424307467
     1      35     0.06168     0.53716     0.00000    2.373137764   -0.077458111   -2.450595874
     1      35     0.06168    -0.50155     0.00000    2.326089376   -0.107414360   -2.433503736
     1      35     0.06168    -0.35316     0.00000    2.225984289   -0.245903867   -2.471888156
     1      35     0.06168    -0.20477     0.00000    2.688303220    0.339447852   -2.348855368
     1      35     0.06168    -0.05639     0.00000    2.848158302    0.687767939   -2.160390363
     1      35     0.19019     0.16619     0.00000    2.518597434    0.142575279   -2.376022155
     1      35     0.19019     0.31458     0.00000    2.330897343   -0.284998254   -2.615895597
     1      35     0.19019     0.46297     0.00000    2.316914051    0.080891568   -2.236022483
     1      35     0.19019    -0.57574     0.00000    2.582555399    0.483896164   -2.098659234
     1      35     0.19019    -0.42735     0.00000    2.229040976   -0.055414406   -2.284455381
     1      35     0.19019    -0.27897     0.00000    2.420285133   -0.187513608   -2.607798741
     1      35     0.19019    -0.13058     0.00000    2.582370176    0.274303516   -2.308066660
     1      35     0.19019     0.01781     0.00000    2.760720171    0.450844811   -2.309875361
     1      35     0.31870     0.24039     0.00000    2.285087117   -0.110430649   -2.395517765
     1      35     0.31870     0.38877     0.00000    2.313961578    0.063267559   -2.250694019
     1      35     0.31870     0.53716     0.00000    2.858097184    0.816226797   -2.041870387
     1      35     0.31870    -0.50155     0.00000    2.722705583    0.673048060   -2.049657523
     1      35     0.31870    -0.35316     0.00000    2.217348516   -0.091193776   -2.308542292
     1      35     0.31870    -0.20477     0.00000    2.431076498    0.116476539   -2.314599960
     1      35     0.31870    -0.05639     0.00000    2.395715339   -0.170871541   -2.566586879
     1      35     0.31870     0.09200     0.00000    2.264618690   -0.214032526   -2.478651215
     1      35     0.44720     0.31458     0.00000    2.482914384    0.057167383   -2.425747001
     1      35    -0.58085    -0.13058     0.00000    2.540314242    0.411350890   -2.128963352
     1      35    -0.58085     0.01781     0.00000    2.669031464    0.618503262   -2.050528202
     1      35    -0.58085     0.16619     0.00000    2.473161544    0.288140715   -2.185020829
     1      35     0.44720    -0.27897     0.00000    2.652328710    0.347194077   -2.305134633
     1      35     0.44720    -0.13058     0.00000    2.151715673   -0.193634826   -2.345350500
     1      35     0.44720     0.01781     0.00000    2.189798506   -0.148687227   -2.338485733
     1      35     0.44720     0.16619     0.00000    2.157450818   -0.254257295   -2.411708114
     1      35    -0.45234    -0.20477     0.00000    2.409857121    0.010047517   -2.399809605
     1      35    -0.45234    -0.05639     0.00000    2.197392196   -0.119990758   -2.317382954
     1      35    -0.45234     0.09200     0.00000    2.187375829   -0.138349309   -2.325725138
     1      35    -0.45234     0.24039     0.00000    2.623583395    0.323978898   -2.299604497
     1      35    -0.45234     0.38877     0.00000    2.383814972    0.070393719   -2.313421253
     1      35     0.57571    -0.05639     0.00000    2.623170105    0.523439396   -2.099730709
     1      35     0.57571     0.09200     0.00000    2.584608415    0.468737331   -2.115871084
     1      35    -0.45234    -0.35316     0.00000    2.310134565   -0.086858117   -2.396992682
     1      35    -0.32384    -0.13058     0.00000    2.295640449   -0.191462261   -2.487102711
     1      35    -0.32384     0.01781     0.00000    2.470396674   -0.138997127   -2.609393801
     1      35    -0.32384     0.16619     0.00000    2.437349627    0.087996880   -2.349352746
     1      35    -0.32384     0.31458     0.00000    2.126534489   -0.227374713   -2.353909202
     1      35    -0.32384     0.46297     0.00000    2.575522455    0.471368383   -2.104154072
     1      35    -0.32384    -0.57574     0.00000    2.960490557    0.918849499   -2.041641057
     1      35    -0.32384    -0.42735     0.00000    2.444065011    0.281445405   -2.162619606
     1      35    -0.32384    -0.27897     0.00000    2.101363028   -0.317082170   -2.418445199
     1      35    -0.19533    -0.05639     0.00000    2.706873587    0.402103288   -2.304770298
     1      35    -0.19533     0.09200     0.00000    2.642679811    0.350740595   -2.291939216
     1      35    -0.19533     0.24039     0.00000    2.453347479   -0.119149613   -2.572497092
     1      35    -0.19533     0.38877     0.00000    2.166331832   -0.205900019   -2.372231852
     1      35    -0.19533     0.53716     0.00000    2.533442940    0.389250200   -2.144192740
     1      35    -0.19533    -0.50155     0.00000    2.437979540    0.256548596   -2.181430943
     1      35    -0.19533    -0.35316     0.00000    2.190388566   -0.425373004   -2.615761570
     1      35    -0.19533    -0.20477     0.00000    2.467309521   -0.034573359   -2.501882879
     1      35    -0.06682     0.01781     0.00000    2.849904854    0.693170343   -2.156734511
     1      35    -0.06682     0.16619     0.00000    2.776265657    0.509347385   -2.266918272
     1      35    -0.06682     0.31458     0.00000    2.272089797   -0.194773509   -2.466863307
     1      35    -0.06682     0.46297     0.00000    2.229306212   -0.195848990   -2.425155202
     1      35    -0.06682    -0.57574     0.00000    2.361801255   -0.100566460   -2.462367715
     1      35    -0.06682    -0.42735     0.00000    2.188746566   -0.229543127   -2.418289694
     1      35    -0.06682    -0.27897     0.00000    2.411129315   -0.046189047   -2.457318362
     1      35    -0.06682    -0.13058     0.00000    2.818796847    0.612715782   -2.206081065
     1      36     0.06168     0.09200     0.00000    3.311528785    1.196275408   -2.115253377
     1      36     0.06168     0.24039     0.00000    2.829258572    0.579947005   -2.249311567
     1      36     0.06168     0.38877     0.00000    2.823547956    0.263446535   -2.560101421
     1      36     0.06168     0.53716     0.00000    3.124723645    0.586115927   -2.538607718
     1      36     0.06168    -0.50155     0.00000    3.068934519    0.517557695   -2.551376824
     1      36     0.06168    -0.35316     0.00000    2.746604236    0.235446600   -2.511157636
     1      36     0.06168    -0.20477     0.00000    2.951103561    0.724789967   -2.226313594
     1      36     0.06168    -0.05639     0.00000    3.371102987    1.260392145   -2.110710842
     1      36     0.19019     0.16619     0.00000    2.808038212    0.561323674   -2.246714538
     1      36     0.19019     0.31458     0.00000    2.879557464    0.413756145   -2.465801319
     1      36     0.19019     0.46297     0.00000    3.143494562    0.820694732   -2.322799831
     1      36     0.19019    -0.57574     0.00000    3.368785527    1.140219777   -2.228565750
     1      36     0.19019    -0.42735     0.00000    3.063679316    0.698835649   -2.364843667
     1      36     0.19019    -0.27897     0.00000    2.824475538    0.384898770   -2.439576768
     1      36     0.19019    -0.13058     0.00000    2.875982010    0.653430683   -2.222551326
     1      36     0.19019     0.01781     0.00000    3.043103874    0.847715586   -2.195388288
     1      36     0.31870     0.24039     0.00000    2.809466929    0.217722053   -2.591744876
     1      36     0.31870     0.38877     0.00000    3.148902474    0.812116256   -2.336786218
     1      36     0.31870     0.53716     0.00000    3.524802638    1.357092416   -2.167710221
     1      36     0.31870    -0.50155     0.00000    3.435355739    1.261137799   -2.174217941
     1      36     0.31870    -0.35316     0.00000    3.081689815    0.682546330   -2.399143485
     1      36     0.31870    -0.20477     0.00000    2.679983320    0.004435915   -2.675547405
     1      36     0.31870    -0.05639     0.00000    2.781942798    0.363068372   -2.418874427
     1      36     0.31870     0.09200     0.00000    2.744975858    0.306095008   -2.438880850
     1      36     0.44720     0.31458     0.00000    3.100740349    0.532235717   -2.568504632
     1      36    -0.58085    -0.13058     0.00000    3.343563921    1.090632294   -2.252931627
     1      36    -0.58085     0.01781     0.00000    3.396455678    1.221866985   -2.174588694
     1      36    -0.58085     0.16619     0.00000    3.310952580    1.007426750   -2.303525829
     1      36     0.44720    -0.27897     0.00000    2.996271802    0.309184521   -2.687087281
     1      36     0.44720    -0.13058     0.00000    3.046950145    0.585535907   -2.461414239
     1      36     0.44720     0.01781     0.00000    3.020138790    0.618169626   -2.401969164
     1      36     0.44720     0.16619     0.00000    3.041798788    0.524916501   -2.516882287
     1      36    -0.45234    -0.20477     0.00000    3.026311249    0.437478267   -2.588832982
     1      36    -0.45234    -0.05639     0.00000    3.038495626    0.640970563   -2.397525063
     1      36    -0.45234     0.09200     0.00000    3.050119019    0.632121819   -2.417997200
     1      36    -0.45234     0.24039     0.00000    2.978767862    0.286835210   -2.691932652
     1      36    -0.45234     0.38877     0.00000    3.259482177    0.848895891   -2.410586286
     1      36     0.57571    -0.05639     0.00000    3.371909065    1.158102909   -2.213806156
     1      36     0.57571     0.09200     0.00000    3.357955411    1.125189253   -2.232766159
     1      36    -0.45234    -0.35316     0.00000    3.196069932    0.709208546   -2.486861386
     1      36    -0.32384    -0.13058     0.00000    2.697424230    0.195609205   -2.501815025
     1      36    -0.32384     0.01781     0.00000    2.807410703    0.388440941   -2.418969762
     1      36    -0.32384     0.16619     0.00000    2.637130290   -0.004436619   -2.641566910
     1      36    -0.32384     0.31458     0.00000    3.015389687    0.537408734   -2.477980953
     1      36    -0.32384     0.46297     0.00000    3.334775530    1.118353505   -2.216422025
     1      36    -0.32384    -0.57574     0.00000    3.588128254    1.420541592   -2.167586661
     1      36    -0.32384    -0.42735     0.00000    3.242423455    0.979028413   -2.263395041
     1      36    -0.32384    -0.27897     0.00000    2.932064796    0.393957433   -2.538107363
     1      36    -0.19533    -0.05639     0.00000    2.988667874    0.774182730   -2.214485144
     1      36    -0.19533     0.09200     0.00000    2.933151262    0.718168382   -2.214982880
     1      36    -0.19533     0.24039     0.00000    2.773404396    0.384111691   -2.389292705
     1      36    -0.19533     0.38877     0.00000    2.996772299    0.565333355   -2.431438943
     1      36    -0.19533     0.53716     0.00000    3.324665799    1.069484387   -2.255181412
     1      36    -0.19533    -0.50155     0.00000    3.244784548    0.965061178   -2.279723370
     1      36    -0.19533    -0.35316     0.00000    2.941723966    0.474413776   -2.467310190
     1      36    -0.19533    -0.20477     0.00000    2.756430901    0.441242193   -2.315188708
     1      36    -0.06682     0.01781     0.00000    3.395315014    1.287906254   -2.107408760
     1      36    -0.06682     0.16619     0.00000    3.087091379    0.908047762   -2.179043618
     1      36    -0.06682     0.31458     0.00000    2.712604788    0.302669162   -2.409935626
     1      36    -0.06682     0.46297     0.00000    3.002857674    0.451175752   -2.551681923
     1      36    -0.06682    -0.57574     0.00000    3.171661885    0.653914917   -2.517746968
     1      36    -0.06682    -0.42735     0.00000    2.924249629    0.364348387   -2.559901242
     1      36    -0.06682    -0.27897     0.00000    2.735292283    0.422103668   -2.313188614
     1      36    -0.06682    -0.13058     0.00000    3.205081613    1.063387153   -2.141694460
     1      37     0.06040     0.08977     0.00000    5.608918953    5.224507842   -0.384411111
     1      37     0.06040     0.23816     0.00000    5.163159252    4.649494774   -0.513664478
     1      37     0.06040     0.38655     0.00000    5.175922304    4.671295371   -0.504626933
     1      37     0.06040     0.53494     0.00000    5.596651300    5.250036673   -0.346614627
     1      37     0.06040    -0.50377     0.00000    5.538645256    5.132472075   -0.406173181
     1      37     0.06040    -0.35539     0.00000    5.108412892    4.596586112   -0.511826780
     1      37     0.06040    -0.20700     0.00000    5.265582179    4.764535223   -0.501046956
     1      37     0.06040    -0.05861     0.00000    5.644060018    5.265120449   -0.378939570
     1      37     0.18891     0.16397     0.00000    5.154724425    4.634968737   -0.519755688
     1      37     0.18891     0.31235     0.00000    4.897290013    4.392257226   -0.505032787
     1      37     0.18891     0.46074     0.00000    5.239063837    4.811556071   -0.427507766
     1      37     0.18891    -0.57797     0.00000    5.222503576    4.939063387   -0.283440189
     1      37     0.18891    -0.42958     0.00000    5.137014969    4.679800149   -0.457214820
     1      37     0.18891    -0.28119     0.00000    4.921497137    4.419495842   -0.502001295
     1      37     0.18891    -0.13281     0.00000    5.212638383    4.693782974   -0.518855409
     1      37     0.18891     0.01558     0.00000    5.372874551    4.897301167   -0.475573384
     1      37     0.31741     0.23816     0.00000    5.227093397    4.720417114   -0.506676282
     1      37     0.31741     0.38655     0.00000    5.266880559    4.834466801   -0.432413758
     1      37     0.31741     0.53494     0.00000    4.758071714    4.499390316   -0.258681399
     1      37     0.31741    -0.50377     0.00000    4.919813432    4.656207630   -0.263605802
     1      37     0.31741    -0.35539     0.00000    5.229629319    4.764499556   -0.465129763
     1      37     0.31741    -0.20700     0.00000    5.234519027    4.704674783   -0.529844244
     1      37     0.31741    -0.05861     0.00000    4.983530156    4.479669972   -0.503860183
     1      37     0.31741     0.08977     0.00000    5.030745927    4.520811092   -0.509934836
     1      37     0.44592     0.31235     0.00000    5.618808679    5.312090887   -0.306717792
     1      37    -0.58214    -0.13281     0.00000    5.290240755    4.994006487   -0.296234268
     1      37    -0.58214     0.01558     0.00000    4.987163711    4.721873624   -0.265290087
     1      37    -0.58214     0.16397     0.00000    5.402238964    5.088938554   -0.313300410
     1      37     0.44592    -0.28119     0.00000    5.616476564    5.355116294   -0.261360270
     1      37     0.44592    -0.13281     0.00000    5.279830042    4.801248317   -0.478581725
     1      37     0.44592     0.01558     0.00000    5.036939685    4.558347088   -0.478592597
     1      37     0.44592     0.16397     0.00000    5.388557696    4.913778926   -0.474778770
     1      37    -0.45363    -0.20700     0.00000    5.542812520    5.165369724   -0.377442796
     1      37    -0.45363    -0.05861     0.00000    5.108521971    4.636011332   -0.472510639
     1      37    -0.45363     0.08977     0.00000    5.174016086    4.698490122   -0.475525964
     1      37    -0.45363     0.23816     0.00000    5.596480605    5.333439432   -0.263041173
     1      37    -0.45363     0.38655     0.00000    5.541019058    5.201670893   -0.339348166
     1      37     0.57443    -0.05861     0.00000    5.092056118    4.801904133   -0.290151985
     1      37     0.57443     0.08977     0.00000    5.172785151    4.877020970   -0.295764180
     1      37    -0.45363    -0.35539     0.00000    5.597063842    5.259726077   -0.337337764
     1      37    -0.32512    -0.13281     0.00000    5.121580778    4.602201641   -0.519379137
     1      37    -0.32512     0.01558     0.00000    4.935864766    4.435329710   -0.500535056
     1      37    -0.32512     0.16397     0.00000    5.195055734    4.662984577   -0.532071157
     1      37    -0.32512     0.31235     0.00000    5.225209704    4.738035241   -0.487174464
     1      37    -0.32512     0.46074     0.00000    5.139814482    4.843495606   -0.296318877
     1      37    -0.32512    -0.57797     0.00000    4.602156120    4.343980602   -0.258175519
     1      37    -0.32512    -0.42958     0.00000    5.259662852    4.913487656   -0.346175196
     1      37    -0.32512    -0.28119     0.00000    5.228712729    4.734537716   -0.494175013
     1      37    -0.19662    -0.05861     0.00000    5.304817816    4.802958870   -0.501858946
     1      37    -0.19662     0.08977     0.00000    5.261674734    4.748260843   -0.513413891
     1      37    -0.19662     0.23816     0.00000    4.996597273    4.493075706   -0.503521567
     1      37    -0.19662     0.38655     0.00000    5.003588464    4.512066996   -0.491521468
     1      37    -0.19662     0.53494     0.00000    5.245008557    4.933660916   -0.311347641
     1      37    -0.19662    -0.50377     0.00000    5.287867538    4.934933543   -0.352933995
     1      37    -0.19662    -0.35539     0.00000    4.933238953    4.426865471   -0.506373482
     1      37    -0.19662    -0.20700     0.00000    5.060717824    4.548699116   -0.512018708
     1      37    -0.06811     0.01558     0.00000    5.661066766    5.284231830   -0.376834936
     1      37    -0.06811     0.16397     0.00000    5.419852174    4.943633967   -0.476218207
     1      37    -0.06811     0.31235     0.00000    5.052780573    4.537020654   -0.515759918
     1      37    -0.06811     0.46074     0.00000    5.391757712    4.917363871   -0.474393841
     1      37    -0.06811    -0.57797     0.00000    5.619224036    5.298998322   -0.320225714
     1      37    -0.06811    -0.42958     0.00000    5.285048219    4.795079769   -0.489968450
     1      37    -0.06811    -0.28119     0.00000    5.068635750    4.550765479   -0.517870271
     1      37    -0.06811    -0.13281     0.00000    5.524328080    5.073450050   -0.450878030
     1      38     0.06040     0.08977     0.00000    5.698439895    5.231642309   -0.466797586
     1      38     0.06040     0.23816     0.00000    5.424750324    5.044100706   -0.380649618
     1      38     0.06040     0.38655     0.00000    5.403946102    5.078216488   -0.325729615
     1      38     0.06040     0.53494     0.00000    5.692667764    5.213159548   -0.479508216
     1      38     0.06040    -0.50377     0.00000    5.645125284    5.231730084   -0.413395200
     1      38     0.06040    -0.35539     0.00000    5.364315619    5.035582114   -0.328733505
     1      38     0.06040    -0.20700     0.00000    5.495055387    5.088455132   -0.406600255
     1      38     0.06040    -0.05861     0.00000    5.773859369    5.303418793   -0.470440576
     1      38     0.18891     0.16397     0.00000    5.436572404    5.063661582   -0.372910822
     1      38     0.18891     0.31235     0.00000    5.220872477    4.833870140   -0.387002337
     1      38     0.18891     0.46074     0.00000    5.547995601    5.164606687   -0.383388915
     1      38     0.18891    -0.57797     0.00000    5.548630223    5.139441202   -0.409189021
     1      38     0.18891    -0.42958     0.00000    5.525407446    5.145364673   -0.380042774
     1      38     0.18891    -0.28119     0.00000    5.209601903    4.824103525   -0.385498378
     1      38     0.18891    -0.13281     0.00000    5.513183690    5.114279749   -0.398903941
     1      38     0.18891     0.01558     0.00000    5.539256446    5.122671588   -0.416584858
     1      38     0.31741     0.23816     0.00000    5.427683840    5.118984045   -0.308699795
     1      38     0.31741     0.38655     0.00000    5.560396505    5.175566323   -0.384830182
     1      38     0.31741     0.53494     0.00000    5.346155579    4.956971112   -0.389184467
     1      38     0.31741    -0.50377     0.00000    5.399064609    5.006295073   -0.392769536
     1      38     0.31741    -0.35539     0.00000    5.561512244    5.190996600   -0.370515644
     1      38     0.31741    -0.20700     0.00000    5.425933871    5.163141481   -0.262792390
     1      38     0.31741    -0.05861     0.00000    5.255180294    4.880450667   -0.374729627
     1      38     0.31741     0.08977     0.00000    5.304978053    4.949435972   -0.355542081
     1      38     0.44592     0.31235     0.00000    5.711049072    5.200919098   -0.510129974
     1      38    -0.58214    -0.13281     0.00000    5.572666832    5.153105276   -0.419561556
     1      38    -0.58214     0.01558     0.00000    5.414561726    5.020945917   -0.393615809
     1      38    -0.58214     0.16397     0.00000    5.624267974    5.185382608   -0.438885367
     1      38     0.44592    -0.28119     0.00000    5.720004945    5.180324203   -0.539680741
     1      38     0.44592    -0.13281     0.00000    5.550221218    5.201639743   -0.348581475
     1      38     0.44592     0.01558     0.00000    5.455975825    5.068354454   -0.387621371
     1      38     0.44592     0.16397     0.00000    5.578176637    5.233010152   -0.345166485
     1      38    -0.45363    -0.20700     0.00000    5.634934313    5.202497651   -0.432436661
     1      38    -0.45363    -0.05861     0.00000    5.501609154    5.124568674   -0.377040480
     1      38    -0.45363     0.08977     0.00000    5.528175657    5.160893243   -0.367282415
     1      38    -0.45363     0.23816     0.00000    5.700302418    5.164547656   -0.535754762
     1      38    -0.45363     0.38655     0.00000    5.683611992    5.202200121   -0.481411871
     1      38     0.57443    -0.05861     0.00000    5.459015237    5.050338640   -0.408676597
     1      38     0.57443     0.08977     0.00000    5.503660329    5.089438745   -0.414221584
     1      38    -0.45363    -0.35539     0.00000    5.706986329    5.208067710   -0.498918618
     1      38    -0.32512    -0.13281     0.00000    5.379536329    5.069723624   -0.309812705
     1      38    -0.32512     0.01558     0.00000    5.210621763    4.824600488   -0.386021276
     1      38    -0.32512     0.16397     0.00000    5.417347677    5.154921925   -0.262425752
     1      38    -0.32512     0.31235     0.00000    5.509212015    5.160923829   -0.348288186
     1      38    -0.32512     0.46074     0.00000    5.462311520    5.053490780   -0.408820740
     1      38    -0.32512    -0.57797     0.00000    5.289226784    4.900970746   -0.388256038
     1      38    -0.32512    -0.42958     0.00000    5.499302144    5.088685323   -0.410616820
     1      38    -0.32512    -0.28119     0.00000    5.463873970    5.124896259   -0.338977711
     1      38    -0.19662    -0.05861     0.00000    5.533584989    5.120911432   -0.412673557
     1      38    -0.19662     0.08977     0.00000    5.541188028    5.126589099   -0.414598929
     1      38    -0.19662     0.23816     0.00000    5.260763076    4.885063748   -0.375699328
     1      38    -0.19662     0.38655     0.00000    5.414101258    5.026903134   -0.387198124
     1      38    -0.19662     0.53494     0.00000    5.524125371    5.102067995   -0.422057377
     1      38    -0.19662    -0.50377     0.00000    5.516852640    5.100412465   -0.416440175
     1      38    -0.19662    -0.35539     0.00000    5.316428050    4.926986996   -0.389441055
     1      38    -0.19662    -0.20700     0.00000    5.326401720    4.963046752   -0.363354967
     1      38    -0.06811     0.01558     0.00000    5.815952461    5.347179312   -0.468773149
     1      38    -0.06811     0.16397     0.00000    5.559254743    5.147633957   -0.411620786
     1      38    -0.06811     0.31235     0.00000    5.330466938    4.986718583   -0.343748355
     1      38    -0.06811     0.46074     0.00000    5.558084109    5.217433672   -0.340650437
     1      38    -0.06811    -0.57797     0.00000    5.720973439    5.209679886   -0.511293553
     1      38    -0.06811    -0.42958     0.00000    5.485064509    5.153279343   -0.331785166
     1      38    -0.06811    -0.28119     0.00000    5.345858565    4.993613814   -0.352244751
     1      38    -0.06811    -0.13281     0.00000    5.588207121    5.178845078   -0.409362043
     1      39     0.06040     0.08977     0.00000    5.804253605    5.336093085   -0.468160520
     1      39     0.06040     0.23816     0.00000    5.580934333    5.201545000   -0.379389333
     1      39     0.06040     0.38655     0.00000    5.677301107    5.240786246   -0.436514861
     1      39     0.06040     0.53494     0.00000    5.968452368    5.468435759   -0.500016609
     1      39     0.06040    -0.50377     0.00000    5.890791154    5.383264262   -0.507526893
     1      39     0.06040    -0.35539     0.00000    5.633097854    5.222753073   -0.410344781
     1      39     0.06040    -0.20700     0.00000    5.598103749    5.208461094   -0.389642655
     1      39     0.06040    -0.05861     0.00000    5.850515893    5.385125573   -0.465390320
     1      39     0.18891     0.16397     0.00000    5.570164563    5.194288087   -0.375876477
     1      39     0.18891     0.31235     0.00000    5.708903049    5.320617387   -0.388285662
     1      39     0.18891     0.46074     0.00000    5.977694880    5.677123694   -0.300571186
     1      39     0.18891    -0.57797     0.00000    6.286955355    5.875091673   -0.411863682
     1      39     0.18891    -0.42958     0.00000    5.891647494    5.580498253   -0.311149241
     1      39     0.18891    -0.28119     0.00000    5.657269865    5.267947100   -0.389322766
     1      39     0.18891    -0.13281     0.00000    5.566149935    5.194876485   -0.371273450
     1      39     0.18891     0.01558     0.00000    5.605183632    5.196618479   -0.408565153
     1      39     0.31741     0.23816     0.00000    5.676577915    5.222422584   -0.454155331
     1      39     0.31741     0.38655     0.00000    5.978870308    5.675293511   -0.303576798
     1      39     0.31741     0.53494     0.00000    5.956370490    5.419041419   -0.537329071
     1      39     0.31741    -0.50377     0.00000    6.005488122    5.471646891   -0.533841231
     1      39     0.31741    -0.35539     0.00000    5.891662740    5.553799753   -0.337862987
     1      39     0.31741    -0.20700     0.00000    5.645899194    5.201720326   -0.444178868
     1      39     0.31741    -0.05861     0.00000    5.625319109    5.242375585   -0.382943524
     1      39     0.31741     0.08977     0.00000    5.616216876    5.231014337   -0.385202539
     1      39     0.44592     0.31235     0.00000    5.959741274    5.447943169   -0.511798105
     1      39    -0.58214    -0.13281     0.00000    6.259612087    5.874235886   -0.385376201
     1      39    -0.58214     0.01558     0.00000    6.017038949    5.485442438   -0.531596511
     1      39    -0.58214     0.16397     0.00000    6.209725620    5.818436538   -0.391289082
     1      39     0.44592    -0.28119     0.00000    5.859453931    5.333638692   -0.525815239
     1      39     0.44592    -0.13281     0.00000    5.848177639    5.448465772   -0.399711866
     1      39     0.44592     0.01558     0.00000    5.854942654    5.526354452   -0.328588202
     1      39     0.44592     0.16397     0.00000    5.849119316    5.392220587   -0.456898729
     1      39    -0.45363    -0.20700     0.00000    5.842084712    5.315725906   -0.526358806
     1      39    -0.45363    -0.05861     0.00000    5.863998791    5.531030756   -0.332968036
     1      39    -0.45363     0.08977     0.00000    5.862094700    5.509945118   -0.352149582
     1      39    -0.45363     0.23816     0.00000    5.811432772    5.278984145   -0.532448627
     1      39    -0.45363     0.38655     0.00000    6.122663741    5.692910812   -0.429752929
     1      39     0.57443    -0.05861     0.00000    6.103617756    5.591662052   -0.511955703
     1      39     0.57443     0.08977     0.00000    6.201012013    5.722680073   -0.478331940
     1      39    -0.45363    -0.35539     0.00000    6.070114263    5.602434056   -0.467680208
     1      39    -0.32512    -0.13281     0.00000    5.610279329    5.198834353   -0.411444976
     1      39    -0.32512     0.01558     0.00000    5.636086384    5.248073820   -0.388012564
     1      39    -0.32512     0.16397     0.00000    5.618262874    5.182335680   -0.435927194
     1      39    -0.32512     0.31235     0.00000    5.821801545    5.414119010   -0.407682535
     1      39    -0.32512     0.46074     0.00000    6.098621410    5.597341814   -0.501279596
     1      39    -0.32512    -0.57797     0.00000    5.915044096    5.377013160   -0.538030936
     1      39    -0.32512    -0.42958     0.00000    6.116504609    5.730588778   -0.385915832
     1      39    -0.32512    -0.28119     0.00000    5.762191950    5.318335314   -0.443856635
     1      39    -0.19662    -0.05861     0.00000    5.608043737    5.221968582   -0.386075155
     1      39    -0.19662     0.08977     0.00000    5.588562653    5.218207838   -0.370354816
     1      39    -0.19662     0.23816     0.00000    5.610786371    5.231532475   -0.379253895
     1      39    -0.19662     0.38655     0.00000    5.835289777    5.486971820   -0.348317957
     1      39    -0.19662     0.53494     0.00000    6.210433508    5.804219287   -0.406214221
     1      39    -0.19662    -0.50377     0.00000    6.129375263    5.770969216   -0.358406048
     1      39    -0.19662    -0.35539     0.00000    5.792196000    5.419704251   -0.372491749
     1      39    -0.19662    -0.20700     0.00000    5.585775044    5.214364383   -0.371410661
     1      39    -0.06811     0.01558     0.00000    5.817640454    5.439890930   -0.377749524
     1      39    -0.06811     0.16397     0.00000    5.635395788    5.216368170   -0.419027618
     1      39    -0.06811     0.31235     0.00000    5.596075328    5.213807448   -0.382267880
     1      39    -0.06811     0.46074     0.00000    5.814275487    5.327700133   -0.486575353
     1      39    -0.06811    -0.57797     0.00000    6.059449925    5.571379287   -0.488070638
     1      39    -0.06811    -0.42958     0.00000    5.757242794    5.290965750   -0.466277044
     1      39    -0.06811    -0.28119     0.00000    5.578907199    5.207526113   -0.371381086
     1      39    -0.06811    -0.13281     0.00000    5.706863760    5.253559218   -0.453304542
     1      40     0.06040     0.08977     0.00000    5.961489969    5.581672815   -0.379817154
     1      40     0.06040     0.23816     0.00000    5.719945815    5.233416076   -0.486529739
     1      40     0.06040     0.38655     0.00000    5.812495280    5.301681672   -0.510813609
     1      40     0.06040     0.53494     0.00000    6.056928400    5.610187134   -0.446741266
     1      40     0.06040    -0.50377     0.00000    5.988727682    5.540173208   -0.448554474
     1      40     0.06040    -0.35539     0.00000    5.810427287    5.282985964   -0.527441324
     1      40     0.06040    -0.20700     0.00000    5.695785882    5.184731785   -0.511054096
     1      40     0.06040    -0.05861     0.00000    5.864190681    5.485031028   -0.379159653
     1      40     0.18891     0.16397     0.00000    5.755129372    5.268571855   -0.486557517
     1      40     0.18891     0.31235     0.00000    5.866538568    5.366634571   -0.499903997
     1      40     0.18891     0.46074     0.00000    6.160677572    5.679826305   -0.480851267
     1      40     0.18891    -0.57797     0.00000    6.352918022    5.865188003   -0.487730019
     1      40     0.18891    -0.42958     0.00000    6.096460775    5.603613377   -0.492847397
     1      40     0.18891    -0.28119     0.00000    5.808863023    5.320588290   -0.488274732
     1      40     0.18891    -0.13281     0.00000    5.754778643    5.259304371   -0.495474272
     1      40     0.18891     0.01558     0.00000    5.746388556    5.147013152   -0.599375404
     1      40     0.31741     0.23816     0.00000    5.791852969    5.284616123   -0.507236847
     1      40     0.31741     0.38655     0.00000    6.152315085    5.666889162   -0.485425922
     1      40     0.31741     0.53494     0.00000    6.299792986    5.895246036   -0.404546950
     1      40     0.31741    -0.50377     0.00000    6.304096542    5.898689006   -0.405407536
     1      40     0.31741    -0.35539     0.00000    6.063279349    5.562214060   -0.501065289
     1      40     0.31741    -0.20700     0.00000    5.746501589    5.207350150   -0.539151438
     1      40     0.31741    -0.05861     0.00000    5.812544331    5.307866004   -0.504678328
     1      40     0.31741     0.08977     0.00000    5.835057485    5.306253314   -0.528804171
     1      40     0.44592     0.31235     0.00000    6.060174125    5.611790187   -0.448383938
     1      40    -0.58214    -0.13281     0.00000    6.389077394    5.926978408   -0.462098986
     1      40    -0.58214     0.01558     0.00000    6.294459510    5.889832895   -0.404626615
     1      40    -0.58214     0.16397     0.00000    6.382510663    6.014761215   -0.367749448
     1      40     0.44592    -0.28119     0.00000    6.022162224    5.571212941   -0.450949282
     1      40     0.44592    -0.13281     0.00000    5.974581457    5.474897897   -0.499683560
     1      40     0.44592     0.01558     0.00000    6.058343376    5.554180164   -0.504163212
     1      40     0.44592     0.16397     0.00000    5.944133946    5.464015926   -0.480118020
     1      40    -0.45363    -0.20700     0.00000    5.963076929    5.519447482   -0.443629448
     1      40    -0.45363    -0.05861     0.00000    6.060131474    5.558144918   -0.501986556
     1      40    -0.45363     0.08977     0.00000    6.036958080    5.532282579   -0.504675501
     1      40    -0.45363     0.23816     0.00000    5.990686649    5.544196880   -0.446489769
     1      40    -0.45363     0.38655     0.00000    6.251362402    5.850403934   -0.400958468
     1      40     0.57443    -0.05861     0.00000    6.306109418    5.892803910   -0.413305508
     1      40     0.57443     0.08977     0.00000    6.314090460    5.884362039   -0.429728421
     1      40    -0.45363    -0.35539     0.00000    6.157055522    5.724440064   -0.432615459
     1      40    -0.32512    -0.13281     0.00000    5.801578834    5.265173159   -0.536405675
     1      40    -0.32512     0.01558     0.00000    5.773766742    5.293305317   -0.480461425
     1      40    -0.32512     0.16397     0.00000    5.760542303    5.214934187   -0.545608116
     1      40    -0.32512     0.31235     0.00000    5.952783875    5.449847183   -0.502936692
     1      40    -0.32512     0.46074     0.00000    6.282366035    5.869472042   -0.412893993
     1      40    -0.32512    -0.57797     0.00000    6.288918662    5.883796665   -0.405121997
     1      40    -0.32512    -0.42958     0.00000    6.251858291    5.778457542   -0.473400749
     1      40    -0.32512    -0.28119     0.00000    5.879946906    5.384144497   -0.495802409
     1      40    -0.19662    -0.05861     0.00000    5.716015487    5.189927749   -0.526087737
     1      40    -0.19662     0.08977     0.00000    5.735858138    5.231194659   -0.504663479
     1      40    -0.19662     0.23816     0.00000    5.778768571    5.288299768   -0.490468803
     1      40    -0.19662     0.38655     0.00000    6.025231673    5.512398108   -0.512833565
     1      40    -0.19662     0.53494     0.00000    6.311995955    5.830710422   -0.481285533
     1      40    -0.19662    -0.50377     0.00000    6.269583246    5.785232889   -0.484350356
     1      40    -0.19662    -0.35539     0.00000    5.962301347    5.442580039   -0.519721307
     1      40    -0.19662    -0.20700     0.00000    5.773076558    5.288260806   -0.484815753
     1      40    -0.06811     0.01558     0.00000    5.872535665    5.402765984   -0.469769681
     1      40    -0.06811     0.16397     0.00000    5.794085550    5.156032092   -0.638053458
     1      40    -0.06811     0.31235     0.00000    5.840894788    5.306070781   -0.534824007
     1      40    -0.06811     0.46074     0.00000    5.909865228    5.442054116   -0.467811112
     1      40    -0.06811    -0.57797     0.00000    6.134830720    5.696486203   -0.438344517
     1      40    -0.06811    -0.42958     0.00000    5.863965290    5.379873053   -0.484092236
     1      40    -0.06811    -0.28119     0.00000    5.816462504    5.327204812   -0.489257691
     1      40    -0.06811    -0.13281     0.00000    5.942588602    5.166034032   -0.776554570
