  0.000000000  0.000000000  0.000000000      50
       1       1  -71.081963832  -76.805614911
       1       2  -57.163095041  -59.739239717
       1       3  -44.058354747  -44.088525210
       1       4  -44.058354712  -44.088525175
       1       5  -44.057213390  -44.039632261
       1       6  -44.057213358  -44.039632229
       1       7  -44.004550825  -44.062475002
       1       8  -44.004546559  -44.062470736
       1       9  -44.003116545  -44.018964525
       1      10  -44.003112274  -44.018960254
       1      11  -43.986336825  -44.033308457
       1      12  -43.984289666  -44.015264182
       1      13  -35.323050289  -37.935375422
       1      14  -35.146110340  -37.813593601
       1      15  -35.146106903  -37.813590165
       1      16  -31.431521781  -33.694050849
       1      17  -31.080933680  -33.583567729
       1      18  -31.080930002  -33.583564051
       1      19  -11.696242432  -14.523320002
       1      20  -10.974283672  -14.052424551
       1      21  -10.110793013  -13.049809978
       1      22   -9.951715253  -12.947896889
       1      23   -3.286104043   -6.024696797
       1      24   -2.068545068   -4.951828413
       1      25    0.035266942   -2.274926940
       1      26    0.035269488   -2.274924394
       1      27    0.667219170   -2.163818183
       1      28    1.200281005   -1.112752457
       1      29    1.200282175   -1.112751287
       1      30    1.580731228   -0.811538403
       1      31    1.580733051   -0.811536579
       1      32    1.674791636   -1.174549030
       1      33    2.546714060    0.133087502
       1      34    2.546716415    0.133089857
       1      35    2.850461302    0.697935673
       1      36    3.445130885    1.340708834
       1      37    5.710044236    5.334274874
       1      38    5.710045387    5.334276025
       1      39    5.923106244    5.453057679
       1      40    5.923107487    5.453058922
       1      41    6.542211651    5.606619392
       1      42    6.542212382    5.606620123
       1      43    6.737220737    5.684813961
       1      44    6.737221909    5.684815132
       1      45    7.866695712    6.887404715
       1      46    8.231216142    6.182471724
       1      47    8.482599955    6.575574133
       1      48    9.356852237    7.141614957
       1      49    9.859222311    8.629802391
       1      50   10.689770217    8.448751075
 -0.000000000  0.333333333  0.000000000      50
       1       1  -71.072132226  -76.986914174
       1       2  -57.140845706  -59.660709233
       1       3  -44.058313230  -44.077213697
       1       4  -44.057071203  -44.033288150
       1       5  -44.054313137  -44.076370820
       1       6  -44.053203554  -44.025656911
       1       7  -44.005800054  -44.071876661
       1       8  -44.005103853  -44.058123159
       1       9  -44.004424011  -44.030123147
       1      10  -44.003549533  -44.023234271
       1      11  -43.984419145  -44.032301942
       1      12  -43.982204185  -44.011193376
       1      13  -35.357688224  -38.032327828
       1      14  -35.284657275  -38.119448021
       1      15  -35.196104636  -37.869853363
       1      16  -31.379471696  -33.798110592
       1      17  -31.317715421  -33.828533687
       1      18  -31.135262542  -33.600991963
       1      19  -10.326322669  -13.117406416
       1      20   -9.642854456  -12.613348586
       1      21   -9.554580273  -12.434922847
       1      22   -9.227155055  -12.320367895
       1      23   -2.739411738   -5.401629823
       1      24   -1.670466352   -4.467569130
       1      25   -1.456793462   -4.128188143
       1      26   -1.408580950   -4.164902740
       1      27   -0.723910403   -3.642481752
       1      28   -0.404251488   -3.311049600
       1      29   -0.168059678   -2.601685265
       1      30    1.022663506   -1.637367810
       1      31    1.133311558   -1.475840809
       1      32    1.187868483   -1.278760866
       1      33    1.656635809   -1.057176651
       1      34    1.927970533   -0.383037634
       1      35    2.462639648    0.213876083
       1      36    2.709837466   -0.031365344
       1      37    5.303672515    4.765048373
       1      38    5.440501292    5.193709239
       1      39    5.689979016    5.251910279
       1      40    5.714943531    5.162483549
       1      41    6.399874748    5.924500411
       1      42    6.824673761    6.330395304
       1      43    7.279988606    7.021831302
       1      44    7.513405534    6.887723412
       1      45    9.458818884    8.807897207
       1      46   10.084226944    8.576150103
       1      47   10.139199871    8.573196675
       1      48   10.747615969   10.096572973
       1      49   10.919014000   10.130568719
       1      50   11.199271137    9.388641609
  0.000000000  0.666666667  0.000000000      50
       1       1  -71.072132226  -76.988007624
       1       2  -57.140845706  -59.660555322
       1       3  -44.058313230  -44.077213753
       1       4  -44.057071203  -44.033281849
       1       5  -44.054313137  -44.076370915
       1       6  -44.053203554  -44.025653504
       1       7  -44.005800054  -44.071904727
       1       8  -44.005103853  -44.058119994
       1       9  -44.004424011  -44.030123771
       1      10  -44.003549533  -44.023224052
       1      11  -43.984419145  -44.032301844
       1      12  -43.982204185  -44.011200859
       1      13  -35.357688224  -38.032228046
       1      14  -35.284657275  -38.119552128
       1      15  -35.196104636  -37.869807554
       1      16  -31.379471696  -33.798207161
       1      17  -31.317715421  -33.828404308
       1      18  -31.135262542  -33.600928336
       1      19  -10.326322669  -13.117540233
       1      20   -9.642854456  -12.613461439
       1      21   -9.554580273  -12.435033775
       1      22   -9.227155055  -12.320444257
       1      23   -2.739411738   -5.401595514
       1      24   -1.670466352   -4.467524713
       1      25   -1.456793462   -4.128154761
       1      26   -1.408580950   -4.164875832
       1      27   -0.723910403   -3.642452854
       1      28   -0.404251488   -3.311028874
       1      29   -0.168059678   -2.601713070
       1      30    1.022663506   -1.637356436
       1      31    1.133311558   -1.475860758
       1      32    1.187868483   -1.278762132
       1      33    1.656635809   -1.057169710
       1      34    1.927970533   -0.383039139
       1      35    2.462639648    0.213870986
       1      36    2.709837466   -0.031369715
       1      37    5.303672515    4.765003999
       1      38    5.440501292    5.193701410
       1      39    5.689979016    5.251919404
       1      40    5.714943531    5.162488060
       1      41    6.399874748    5.924462132
       1      42    6.824673761    6.330370084
       1      43    7.279988606    7.021821817
       1      44    7.513405534    6.887716912
       1      45    9.458818884    8.807919892
       1      46   10.084226944    8.576156340
       1      47   10.139199871    8.573217765
       1      48   10.747615969   10.096619098
       1      49   10.919014000   10.130594920
       1      50   11.199271137    9.388651636
  0.333333333  0.333333333  0.000000000      50
       1       1  -71.067211638  -77.042707530
       1       2  -57.129686661  -59.620129930
       1       3  -44.055598316  -44.068727648
       1       4  -44.055038466  -44.068329907
       1       5  -44.054088311  -44.034340772
       1       6  -44.053941363  -44.022561212
       1       7  -44.006379927  -44.064917157
       1       8  -44.005829066  -44.063297539
       1       9  -44.004623063  -44.034310695
       1      10  -44.003814446  -44.033239166
       1      11  -43.983538526  -44.027276944
       1      12  -43.981218896  -44.009241170
       1      13  -35.356910709  -37.816909903
       1      14  -35.327041039  -38.106213067
       1      15  -35.265402595  -38.244322884
       1      16  -31.353366852  -33.752513098
       1      17  -31.316941727  -33.613117686
       1      18  -31.280944261  -33.871247838
       1      19   -9.448074642  -12.204371481
       1      20   -9.250328656  -11.981866917
       1      21   -8.702121210  -11.788272013
       1      22   -8.680475472  -11.803280285
       1      23   -2.670659677   -5.309267651
       1      24   -2.331931463   -5.073797484
       1      25   -1.743608595   -4.623709996
       1      26   -1.454184459   -4.138411766
       1      27   -1.249616867   -4.182642804
       1      28   -0.977071556   -3.644258282
       1      29   -0.611761358   -3.497451201
       1      30   -0.242577667   -2.922594803
       1      31    0.106545453   -2.775462074
       1      32    0.327873645   -2.692410944
       1      33    0.677889187   -1.854307081
       1      34    1.171397266   -1.685071354
       1      35    2.984628965    0.942997393
       1      36    3.602105667    1.434606898
       1      37    4.575438542    4.317300409
       1      38    5.278731886    4.890569794
       1      39    5.907204704    5.369116985
       1      40    6.285618831    5.880409078
       1      41    6.865180999    6.394702807
       1      42    6.963792251    6.746334942
       1      43    8.145034809    7.647929191
       1      44    8.244601761    8.154836925
       1      45    9.279053661    8.642249081
       1      46    9.970249770    9.460160684
       1      47   10.348166568    9.886062011
       1      48   10.457890130    9.903285707
       1      49   11.916687606   11.022416644
       1      50   13.167252985   12.532726470
