  0.000000000  0.000000000  0.000000000      50
       1       1  -71.081963832  -77.265511109
       1       2  -57.163095041  -60.980668589
       1       3  -44.058354747  -44.095137972
       1       4  -44.058354712  -44.095137937
       1       5  -44.057213390  -44.035694152
       1       6  -44.057213358  -44.035694120
       1       7  -44.004550825  -44.075408206
       1       8  -44.004546559  -44.075403940
       1       9  -44.003116545  -44.022544140
       1      10  -44.003112274  -44.022539870
       1      11  -43.986336825  -44.044132183
       1      12  -43.984289666  -44.022245150
       1      13  -35.323050289  -38.367749276
       1      14  -35.146110340  -38.351754356
       1      15  -35.146106903  -38.351750920
       1      16  -31.431521781  -34.269655209
       1      17  -31.080933680  -34.077000834
       1      18  -31.080930002  -34.076997156
       1      19  -11.696242432  -15.351067120
       1      20  -10.974283672  -14.956064413
       1      21  -10.110793013  -13.844980781
       1      22   -9.951715253  -13.757611568
       1      23   -3.286104043   -6.666444265
       1      24   -2.068545068   -5.600861842
       1      25    0.035266942   -2.772441032
       1      26    0.035269488   -2.772438485
       1      27    0.667219170   -2.747355107
       1      28    1.200281005   -1.593605484
       1      29    1.200282175   -1.593604314
       1      30    1.580731228   -1.325714982
       1      31    1.580733051   -1.325713159
       1      32    1.674791636   -1.741975221
       1      33    2.546714060   -0.365990352
       1      34    2.546716415   -0.365987997
       1      35    2.850461302    0.260334299
       1      36    3.445130885    0.912310977
       1      37    5.710044236    5.256153191
       1      38    5.710045387    5.256154341
       1      39    5.923106244    5.353237790
       1      40    5.923107487    5.353239033
       1      41    6.542211651    5.413236496
       1      42    6.542212382    5.413237227
       1      43    6.737220737    5.464430244
       1      44    6.737221909    5.464431416
       1      45    7.866695712    6.706329522
       1      46    8.231216142    5.890105098
       1      47    8.482599955    6.292050792
       1      48    9.356852237    6.816097155
       1      49    9.859222311    8.413432241
       1      50   10.689770217    8.129500235
 -0.000000000  0.333333333  0.000000000      50
       1       1  -71.072132226  -77.237921580
       1       2  -57.140845706  -60.894341282
       1       3  -44.058313230  -44.081518491
       1       4  -44.057071203  -44.027955491
       1       5  -44.054313137  -44.081263377
       1       6  -44.053203554  -44.019439137
       1       7  -44.005800054  -44.086664471
       1       8  -44.005103853  -44.070116506
       1       9  -44.004424011  -44.035828392
       1      10  -44.003549533  -44.027783540
       1      11  -43.984419145  -44.043298680
       1      12  -43.982204185  -44.017883038
       1      13  -35.357688224  -38.446010398
       1      14  -35.284657275  -38.444676293
       1      15  -35.196104636  -38.353163334
       1      16  -31.379471696  -34.237758073
       1      17  -31.317715421  -34.148816023
       1      18  -31.135262542  -34.090556909
       1      19  -10.326322669  -13.891555153
       1      20   -9.642854456  -13.431027075
       1      21   -9.554580273  -13.223436337
       1      22   -9.227155055  -13.152942412
       1      23   -2.739411738   -6.008267250
       1      24   -1.670466352   -5.089159862
       1      25   -1.456793462   -4.707322537
       1      26   -1.408580950   -4.772135171
       1      27   -0.723910403   -4.263983822
       1      28   -0.404251488   -3.928794150
       1      29   -0.168059678   -3.122010494
       1      30    1.022663506   -2.189735319
       1      31    1.133311558   -2.025736518
       1      32    1.187868483   -1.796350487
       1      33    1.656635809   -1.604923232
       1      34    1.927970533   -0.855909423
       1      35    2.462639648   -0.256877287
       1      36    2.709837466   -0.590736942
       1      37    5.303672515    4.652343023
       1      38    5.440501292    5.141659451
       1      39    5.689979016    5.160295947
       1      40    5.714943531    5.043759784
       1      41    6.399874748    5.827549645
       1      42    6.824673761    6.228022315
       1      43    7.279988606    6.967494531
       1      44    7.513405534    6.755742477
       1      45    9.458818884    8.682308849
       1      46   10.084226944    8.336990258
       1      47   10.139199871    8.324928033
       1      48   10.747615969    9.971002781
       1      49   10.919014000    9.983461249
       1      50   11.199271137    9.102506338
 -0.000000000  0.666666667  0.000000000      50
       1       1  -71.072132226  -77.238045701
       1       2  -57.140845706  -60.894320143
       1       3  -44.058313230  -44.081518747
       1       4  -44.057071203  -44.027947400
       1       5  -44.054313137  -44.081263318
       1       6  -44.053203554  -44.019435255
       1       7  -44.005800054  -44.086695985
       1       8  -44.005103853  -44.070112116
       1       9  -44.004424011  -44.035828168
       1      10  -44.003549533  -44.027770728
       1      11  -43.984419145  -44.043298203
       1      12  -43.982204185  -44.017891532
       1      13  -35.357688224  -38.445853863
       1      14  -35.284657275  -38.444728116
       1      15  -35.196104636  -38.353098906
       1      16  -31.379471696  -34.237807176
       1      17  -31.317715421  -34.148674800
       1      18  -31.135262542  -34.090479386
       1      19  -10.326322669  -13.891713276
       1      20   -9.642854456  -13.431156581
       1      21   -9.554580273  -13.223559775
       1      22   -9.227155055  -13.153038724
       1      23   -2.739411738   -6.008227562
       1      24   -1.670466352   -5.089106952
       1      25   -1.456793462   -4.707284242
       1      26   -1.408580950   -4.772105396
       1      27   -0.723910403   -4.263953035
       1      28   -0.404251488   -3.928768460
       1      29   -0.168059678   -3.122046133
       1      30    1.022663506   -2.189722232
       1      31    1.133311558   -2.025762468
       1      32    1.187868483   -1.796352137
       1      33    1.656635809   -1.604915820
       1      34    1.927970533   -0.855912563
       1      35    2.462639648   -0.256884620
       1      36    2.709837466   -0.590741953
       1      37    5.303672515    4.652289645
       1      38    5.440501292    5.141650005
       1      39    5.689979016    5.160307223
       1      40    5.714943531    5.043765283
       1      41    6.399874748    5.827503747
       1      42    6.824673761    6.227992105
       1      43    7.279988606    6.967483149
       1      44    7.513405534    6.755734758
       1      45    9.458818884    8.682334719
       1      46   10.084226944    8.336997479
       1      47   10.139199871    8.324951292
       1      48   10.747615969    9.971053651
       1      49   10.919014000    9.983488078
       1      50   11.199271137    9.102517190
  0.333333333  0.333333333  0.000000000      50
       1       1  -71.067211638  -77.216873262
       1       2  -57.129686661  -60.854317274
       1       3  -44.055598316  -44.071702734
       1       4  -44.055038466  -44.071370381
       1       5  -44.054088311  -44.029865980
       1       6  -44.053941363  -44.015524713
       1       7  -44.006379927  -44.077702945
       1       8  -44.005829066  -44.076314861
       1       9  -44.004623063  -44.040967656
       1      10  -44.003814446  -44.039730645
       1      11  -43.983538526  -44.037383750
       1      12  -43.981218896  -44.015642094
       1      13  -35.356910709  -38.309132226
       1      14  -35.327041039  -38.544190300
       1      15  -35.265402595  -38.484900055
       1      16  -31.353366852  -34.253796985
       1      17  -31.316941727  -34.094270000
       1      18  -31.280944261  -34.102773101
       1      19   -9.448074642  -12.933641652
       1      20   -9.250328656  -12.711793197
       1      21   -8.702121210  -12.609375596
       1      22   -8.680475472  -12.602575282
       1      23   -2.670659677   -5.903288666
       1      24   -2.331931463   -5.689802209
       1      25   -1.743608595   -5.264290892
       1      26   -1.454184459   -4.714719385
       1      27   -1.249616867   -4.822550278
       1      28   -0.977071556   -4.225361517
       1      29   -0.611761358   -4.106760643
       1      30   -0.242577667   -3.485743744
       1      31    0.106545453   -3.384017599
       1      32    0.327873645   -3.308753392
       1      33    0.677889187   -2.388920052
       1      34    1.171397266   -2.273468760
       1      35    2.984628965    0.523741489
       1      36    3.602105667    0.979729167
       1      37    4.575438542    4.262917853
       1      38    5.278731886    4.805520737
       1      39    5.907204704    5.258702377
       1      40    6.285618831    5.797661933
       1      41    6.865180999    6.294243375
       1      42    6.963792251    6.700206847
       1      43    8.145034809    7.541716711
       1      44    8.244601761    8.135692556
       1      45    9.279053661    8.518713606
       1      46    9.970249770    9.359062323
       1      47   10.348166568    9.794444838
       1      48   10.457890130    9.798366067
       1      49   11.916687606   10.859152948
       1      50   13.167252985   12.414833209
