# q=  0.10000000E-02  0.00000000E+00  0.00000000E+00  (qpt 1)
#ncbands         Re chi(0,0)              extrap   Re chi(Gmax,Gmax)              extrap
       1     -0.21707093E-06     -0.57900596E-06     -0.25042012E-03     -0.34227124E-02
       2     -0.36462464E-06     -0.57900596E-06     -0.47601885E-03     -0.34227124E-02
       3     -0.38868628E-06     -0.57900596E-06     -0.67236930E-03     -0.34227124E-02
       4     -0.46052726E-06     -0.57900596E-06     -0.86116883E-03     -0.34227124E-02
       5     -0.48325205E-06     -0.57900596E-06     -0.97999051E-03     -0.34227124E-02
       6     -0.50358613E-06     -0.57900596E-06     -0.10999489E-02     -0.34227124E-02
       7     -0.51367234E-06     -0.57900596E-06     -0.12417858E-02     -0.34227124E-02
       8     -0.52007006E-06     -0.57900596E-06     -0.13804910E-02     -0.34227124E-02
       9     -0.53127947E-06     -0.57900596E-06     -0.14238113E-02     -0.34227124E-02
      10     -0.53438889E-06     -0.57900596E-06     -0.14466685E-02     -0.34227124E-02
      11     -0.53700450E-06     -0.57900596E-06     -0.14719935E-02     -0.34227124E-02
      12     -0.54305439E-06     -0.57900596E-06     -0.15119056E-02     -0.34227124E-02
      13     -0.55121959E-06     -0.57900596E-06     -0.15426621E-02     -0.34227124E-02
      14     -0.55308026E-06     -0.57900596E-06     -0.15626753E-02     -0.34227124E-02
      15     -0.55793977E-06     -0.57900596E-06     -0.15849119E-02     -0.34227124E-02
      16     -0.55995734E-06     -0.57900596E-06     -0.16115507E-02     -0.34227124E-02
      17     -0.56273986E-06     -0.57900596E-06     -0.16411780E-02     -0.34227124E-02
      18     -0.56486303E-06     -0.57900596E-06     -0.16691028E-02     -0.34227124E-02
      19     -0.56653740E-06     -0.57900596E-06     -0.17030343E-02     -0.34227124E-02
      20     -0.56781042E-06     -0.57900596E-06     -0.17317364E-02     -0.34227124E-02
      21     -0.56888053E-06     -0.57900596E-06     -0.17601812E-02     -0.34227124E-02
      22     -0.56946164E-06     -0.57900596E-06     -0.17976104E-02     -0.34227124E-02
      23     -0.57007313E-06     -0.57900596E-06     -0.18289103E-02     -0.34227124E-02
      24     -0.57054236E-06     -0.57900596E-06     -0.18526172E-02     -0.34227124E-02
      25     -0.57118510E-06     -0.57900596E-06     -0.18745434E-02     -0.34227124E-02
      26     -0.57188682E-06     -0.57900596E-06     -0.19017454E-02     -0.34227124E-02
      27     -0.57204637E-06     -0.57900596E-06     -0.19210264E-02     -0.34227124E-02
      28     -0.57226088E-06     -0.57900596E-06     -0.19460993E-02     -0.34227124E-02
      29     -0.57309600E-06     -0.57900596E-06     -0.19745007E-02     -0.34227124E-02
      30     -0.57349211E-06     -0.57900596E-06     -0.19882410E-02     -0.34227124E-02
      31     -0.57375207E-06     -0.57900596E-06     -0.20035327E-02     -0.34227124E-02
      32     -0.57420291E-06     -0.57900596E-06     -0.20324926E-02     -0.34227124E-02
      33     -0.57440237E-06     -0.57900596E-06     -0.20475880E-02     -0.34227124E-02
      34     -0.57455139E-06     -0.57900596E-06     -0.20687918E-02     -0.34227124E-02
      35     -0.57484578E-06     -0.57900596E-06     -0.20938127E-02     -0.34227124E-02
      36     -0.57513263E-06     -0.57900596E-06     -0.21135203E-02     -0.34227124E-02
      37     -0.57524401E-06     -0.57900596E-06     -0.21380732E-02     -0.34227124E-02
      38     -0.57543360E-06     -0.57900596E-06     -0.21578380E-02     -0.34227124E-02
      39     -0.57552139E-06     -0.57900596E-06     -0.21720793E-02     -0.34227124E-02
      40     -0.57588506E-06     -0.57900596E-06     -0.21936088E-02     -0.34227124E-02
      41     -0.57599001E-06     -0.57900596E-06     -0.22128826E-02     -0.34227124E-02
      42     -0.57612994E-06     -0.57900596E-06     -0.22265515E-02     -0.34227124E-02
      43     -0.57628640E-06     -0.57900596E-06     -0.22618713E-02     -0.34227124E-02
      44     -0.57634193E-06     -0.57900596E-06     -0.22783842E-02     -0.34227124E-02
      45     -0.57646749E-06     -0.57900596E-06     -0.23008324E-02     -0.34227124E-02
      46     -0.57656357E-06     -0.57900596E-06     -0.23216397E-02     -0.34227124E-02
      47     -0.57663186E-06     -0.57900596E-06     -0.23362689E-02     -0.34227124E-02
      48     -0.57671250E-06     -0.57900596E-06     -0.23512209E-02     -0.34227124E-02
      49     -0.57677620E-06     -0.57900596E-06     -0.23704041E-02     -0.34227124E-02
      50     -0.57679197E-06     -0.57900596E-06     -0.23832913E-02     -0.34227124E-02
      51     -0.57681308E-06     -0.57900596E-06     -0.23983718E-02     -0.34227124E-02
      52     -0.57684518E-06     -0.57900596E-06     -0.24145938E-02     -0.34227124E-02
      53     -0.57686470E-06     -0.57900596E-06     -0.24300300E-02     -0.34227124E-02
      54     -0.57688788E-06     -0.57900596E-06     -0.24374110E-02     -0.34227124E-02
      55     -0.57693299E-06     -0.57900596E-06     -0.24487316E-02     -0.34227124E-02
      56     -0.57695365E-06     -0.57900596E-06     -0.24652597E-02     -0.34227124E-02
      57     -0.57697657E-06     -0.57900596E-06     -0.24820717E-02     -0.34227124E-02
      58     -0.57702158E-06     -0.57900596E-06     -0.24964447E-02     -0.34227124E-02
      59     -0.57704470E-06     -0.57900596E-06     -0.25118567E-02     -0.34227124E-02
      60     -0.57707172E-06     -0.57900596E-06     -0.25298468E-02     -0.34227124E-02
      61     -0.57711584E-06     -0.57900596E-06     -0.25415512E-02     -0.34227124E-02
      62     -0.57714359E-06     -0.57900596E-06     -0.25547814E-02     -0.34227124E-02
      63     -0.57716985E-06     -0.57900596E-06     -0.25716565E-02     -0.34227124E-02

# q=  0.00000000E+00  0.33333333E+00  0.00000000E+00  (qpt 2)
#ncbands         Re chi(0,0)              extrap   Re chi(Gmax,Gmax)              extrap
       1     -0.33858257E-02     -0.21858269E-01     -0.20731725E-03     -0.32208121E-02
       2     -0.62104098E-02     -0.21858269E-01     -0.38041203E-03     -0.32208121E-02
       3     -0.86902942E-02     -0.21858269E-01     -0.55123385E-03     -0.32208121E-02
       4     -0.11517640E-01     -0.21858269E-01     -0.71604073E-03     -0.32208121E-02
       5     -0.13080167E-01     -0.21858269E-01     -0.83653896E-03     -0.32208121E-02
       6     -0.14488520E-01     -0.21858269E-01     -0.95867368E-03     -0.32208121E-02
       7     -0.15637335E-01     -0.21858269E-01     -0.10782645E-02     -0.32208121E-02
       8     -0.16757850E-01     -0.21858269E-01     -0.12085709E-02     -0.32208121E-02
       9     -0.17172044E-01     -0.21858269E-01     -0.12530677E-02     -0.32208121E-02
      10     -0.17436025E-01     -0.21858269E-01     -0.12778838E-02     -0.32208121E-02
      11     -0.17722452E-01     -0.21858269E-01     -0.13052967E-02     -0.32208121E-02
      12     -0.18043321E-01     -0.21858269E-01     -0.13466736E-02     -0.32208121E-02
      13     -0.18394271E-01     -0.21858269E-01     -0.13781541E-02     -0.32208121E-02
      14     -0.18538025E-01     -0.21858269E-01     -0.13991239E-02     -0.32208121E-02
      15     -0.18844211E-01     -0.21858269E-01     -0.14213279E-02     -0.32208121E-02
      16     -0.19016334E-01     -0.21858269E-01     -0.14511846E-02     -0.32208121E-02
      17     -0.19220420E-01     -0.21858269E-01     -0.14846303E-02     -0.32208121E-02
      18     -0.19352924E-01     -0.21858269E-01     -0.15148652E-02     -0.32208121E-02
      19     -0.19507229E-01     -0.21858269E-01     -0.15512783E-02     -0.32208121E-02
      20     -0.19632799E-01     -0.21858269E-01     -0.15788390E-02     -0.32208121E-02
      21     -0.19734715E-01     -0.21858269E-01     -0.16073818E-02     -0.32208121E-02
      22     -0.19903453E-01     -0.21858269E-01     -0.16410416E-02     -0.32208121E-02
      23     -0.20025434E-01     -0.21858269E-01     -0.16706295E-02     -0.32208121E-02
      24     -0.20125802E-01     -0.21858269E-01     -0.16957141E-02     -0.32208121E-02
      25     -0.20219458E-01     -0.21858269E-01     -0.17169397E-02     -0.32208121E-02
      26     -0.20354761E-01     -0.21858269E-01     -0.17420228E-02     -0.32208121E-02
      27     -0.20394108E-01     -0.21858269E-01     -0.17601072E-02     -0.32208121E-02
      28     -0.20448955E-01     -0.21858269E-01     -0.17849174E-02     -0.32208121E-02
      29     -0.20592750E-01     -0.21858269E-01     -0.18106551E-02     -0.32208121E-02
      30     -0.20656511E-01     -0.21858269E-01     -0.18247151E-02     -0.32208121E-02
      31     -0.20717698E-01     -0.21858269E-01     -0.18394400E-02     -0.32208121E-02
      32     -0.20803164E-01     -0.21858269E-01     -0.18660017E-02     -0.32208121E-02
      33     -0.20857056E-01     -0.21858269E-01     -0.18814367E-02     -0.32208121E-02
      34     -0.20898673E-01     -0.21858269E-01     -0.19046712E-02     -0.32208121E-02
      35     -0.20968392E-01     -0.21858269E-01     -0.19255918E-02     -0.32208121E-02
      36     -0.21041755E-01     -0.21858269E-01     -0.19453517E-02     -0.32208121E-02
      37     -0.21080490E-01     -0.21858269E-01     -0.19668082E-02     -0.32208121E-02
      38     -0.21126164E-01     -0.21858269E-01     -0.19861042E-02     -0.32208121E-02
      39     -0.21159727E-01     -0.21858269E-01     -0.20001581E-02     -0.32208121E-02
      40     -0.21229696E-01     -0.21858269E-01     -0.20216417E-02     -0.32208121E-02
      41     -0.21248605E-01     -0.21858269E-01     -0.20395045E-02     -0.32208121E-02
      42     -0.21270748E-01     -0.21858269E-01     -0.20549760E-02     -0.32208121E-02
      43     -0.21302438E-01     -0.21858269E-01     -0.20869733E-02     -0.32208121E-02
      44     -0.21321534E-01     -0.21858269E-01     -0.21027370E-02     -0.32208121E-02
      45     -0.21357793E-01     -0.21858269E-01     -0.21248460E-02     -0.32208121E-02
      46     -0.21373095E-01     -0.21858269E-01     -0.21456330E-02     -0.32208121E-02
      47     -0.21383679E-01     -0.21858269E-01     -0.21598172E-02     -0.32208121E-02
      48     -0.21402265E-01     -0.21858269E-01     -0.21731473E-02     -0.32208121E-02
      49     -0.21430730E-01     -0.21858269E-01     -0.21915067E-02     -0.32208121E-02
      50     -0.21436255E-01     -0.21858269E-01     -0.22037683E-02     -0.32208121E-02
      51     -0.21443836E-01     -0.21858269E-01     -0.22177155E-02     -0.32208121E-02
      52     -0.21449810E-01     -0.21858269E-01     -0.22325764E-02     -0.32208121E-02
      53     -0.21456734E-01     -0.21858269E-01     -0.22472715E-02     -0.32208121E-02
      54     -0.21460522E-01     -0.21858269E-01     -0.22541549E-02     -0.32208121E-02
      55     -0.21468329E-01     -0.21858269E-01     -0.22659737E-02     -0.32208121E-02
      56     -0.21474780E-01     -0.21858269E-01     -0.22814957E-02     -0.32208121E-02
      57     -0.21480137E-01     -0.21858269E-01     -0.22973530E-02     -0.32208121E-02
      58     -0.21487393E-01     -0.21858269E-01     -0.23117563E-02     -0.32208121E-02
      59     -0.21492212E-01     -0.21858269E-01     -0.23261564E-02     -0.32208121E-02
      60     -0.21496953E-01     -0.21858269E-01     -0.23444677E-02     -0.32208121E-02
      61     -0.21506320E-01     -0.21858269E-01     -0.23554698E-02     -0.32208121E-02
      62     -0.21511777E-01     -0.21858269E-01     -0.23680002E-02     -0.32208121E-02
      63     -0.21516150E-01     -0.21858269E-01     -0.23853015E-02     -0.32208121E-02

# q=  0.00000000E+00  0.66666667E+00  0.00000000E+00  (qpt 3)
#ncbands         Re chi(0,0)              extrap   Re chi(Gmax,Gmax)              extrap
       1     -0.33858253E-02     -0.21858269E-01     -0.20583447E-03     -0.32403576E-02
       2     -0.62104109E-02     -0.21858269E-01     -0.38015621E-03     -0.32403576E-02
       3     -0.86902939E-02     -0.21858269E-01     -0.55229164E-03     -0.32403576E-02
       4     -0.11517639E-01     -0.21858269E-01     -0.71533446E-03     -0.32403576E-02
       5     -0.13080166E-01     -0.21858269E-01     -0.83845326E-03     -0.32403576E-02
       6     -0.14488520E-01     -0.21858269E-01     -0.95707931E-03     -0.32403576E-02
       7     -0.15637334E-01     -0.21858269E-01     -0.10769280E-02     -0.32403576E-02
       8     -0.16757850E-01     -0.21858269E-01     -0.12070501E-02     -0.32403576E-02
       9     -0.17172043E-01     -0.21858269E-01     -0.12515569E-02     -0.32403576E-02
      10     -0.17436025E-01     -0.21858269E-01     -0.12764079E-02     -0.32403576E-02
      11     -0.17722452E-01     -0.21858269E-01     -0.13036720E-02     -0.32403576E-02
      12     -0.18043321E-01     -0.21858269E-01     -0.13445677E-02     -0.32403576E-02
      13     -0.18394271E-01     -0.21858269E-01     -0.13759471E-02     -0.32403576E-02
      14     -0.18538025E-01     -0.21858269E-01     -0.13973847E-02     -0.32403576E-02
      15     -0.18844211E-01     -0.21858269E-01     -0.14196981E-02     -0.32403576E-02
      16     -0.19016334E-01     -0.21858269E-01     -0.14499312E-02     -0.32403576E-02
      17     -0.19220420E-01     -0.21858269E-01     -0.14833943E-02     -0.32403576E-02
      18     -0.19352924E-01     -0.21858269E-01     -0.15149512E-02     -0.32403576E-02
      19     -0.19507229E-01     -0.21858269E-01     -0.15466981E-02     -0.32403576E-02
      20     -0.19632799E-01     -0.21858269E-01     -0.15768721E-02     -0.32403576E-02
      21     -0.19734715E-01     -0.21858269E-01     -0.16054723E-02     -0.32403576E-02
      22     -0.19903453E-01     -0.21858269E-01     -0.16384987E-02     -0.32403576E-02
      23     -0.20025433E-01     -0.21858269E-01     -0.16683740E-02     -0.32403576E-02
      24     -0.20125801E-01     -0.21858269E-01     -0.16923500E-02     -0.32403576E-02
      25     -0.20219457E-01     -0.21858269E-01     -0.17141332E-02     -0.32403576E-02
      26     -0.20354761E-01     -0.21858269E-01     -0.17397365E-02     -0.32403576E-02
      27     -0.20394108E-01     -0.21858269E-01     -0.17590545E-02     -0.32403576E-02
      28     -0.20448955E-01     -0.21858269E-01     -0.17843884E-02     -0.32403576E-02
      29     -0.20592750E-01     -0.21858269E-01     -0.18103373E-02     -0.32403576E-02
      30     -0.20656511E-01     -0.21858269E-01     -0.18248804E-02     -0.32403576E-02
      31     -0.20717697E-01     -0.21858269E-01     -0.18401893E-02     -0.32403576E-02
      32     -0.20803164E-01     -0.21858269E-01     -0.18670871E-02     -0.32403576E-02
      33     -0.20857056E-01     -0.21858269E-01     -0.18815249E-02     -0.32403576E-02
      34     -0.20898673E-01     -0.21858269E-01     -0.19015453E-02     -0.32403576E-02
      35     -0.20968392E-01     -0.21858269E-01     -0.19246290E-02     -0.32403576E-02
      36     -0.21041755E-01     -0.21858269E-01     -0.19466464E-02     -0.32403576E-02
      37     -0.21080490E-01     -0.21858269E-01     -0.19672344E-02     -0.32403576E-02
      38     -0.21126164E-01     -0.21858269E-01     -0.19859350E-02     -0.32403576E-02
      39     -0.21159733E-01     -0.21858269E-01     -0.19997745E-02     -0.32403576E-02
      40     -0.21229696E-01     -0.21858269E-01     -0.20222195E-02     -0.32403576E-02
      41     -0.21248605E-01     -0.21858269E-01     -0.20400328E-02     -0.32403576E-02
      42     -0.21270747E-01     -0.21858269E-01     -0.20538411E-02     -0.32403576E-02
      43     -0.21302437E-01     -0.21858269E-01     -0.20867024E-02     -0.32403576E-02
      44     -0.21321534E-01     -0.21858269E-01     -0.21033215E-02     -0.32403576E-02
      45     -0.21357792E-01     -0.21858269E-01     -0.21246253E-02     -0.32403576E-02
      46     -0.21373094E-01     -0.21858269E-01     -0.21445168E-02     -0.32403576E-02
      47     -0.21383678E-01     -0.21858269E-01     -0.21584768E-02     -0.32403576E-02
      48     -0.21402264E-01     -0.21858269E-01     -0.21723117E-02     -0.32403576E-02
      49     -0.21430730E-01     -0.21858269E-01     -0.21910031E-02     -0.32403576E-02
      50     -0.21436254E-01     -0.21858269E-01     -0.22035168E-02     -0.32403576E-02
      51     -0.21443835E-01     -0.21858269E-01     -0.22182790E-02     -0.32403576E-02
      52     -0.21449809E-01     -0.21858269E-01     -0.22336755E-02     -0.32403576E-02
      53     -0.21456734E-01     -0.21858269E-01     -0.22474940E-02     -0.32403576E-02
      54     -0.21460521E-01     -0.21858269E-01     -0.22541936E-02     -0.32403576E-02
      55     -0.21468328E-01     -0.21858269E-01     -0.22657146E-02     -0.32403576E-02
      56     -0.21474779E-01     -0.21858269E-01     -0.22809647E-02     -0.32403576E-02
      57     -0.21480137E-01     -0.21858269E-01     -0.22973995E-02     -0.32403576E-02
      58     -0.21487392E-01     -0.21858269E-01     -0.23122722E-02     -0.32403576E-02
      59     -0.21492211E-01     -0.21858269E-01     -0.23269136E-02     -0.32403576E-02
      60     -0.21496952E-01     -0.21858269E-01     -0.23451346E-02     -0.32403576E-02
      61     -0.21506319E-01     -0.21858269E-01     -0.23571530E-02     -0.32403576E-02
      62     -0.21511776E-01     -0.21858269E-01     -0.23693981E-02     -0.32403576E-02
      63     -0.21516149E-01     -0.21858269E-01     -0.23872050E-02     -0.32403576E-02

# q=  0.33333333E+00  0.33333333E+00  0.00000000E+00  (qpt 4)
#ncbands         Re chi(0,0)              extrap   Re chi(Gmax,Gmax)              extrap
       1     -0.32626977E-02     -0.28193954E-01     -0.13244936E-03     -0.30752406E-02
       2     -0.54148711E-02     -0.28193954E-01     -0.32094328E-03     -0.30752406E-02
       3     -0.78745379E-02     -0.28193954E-01     -0.47136209E-03     -0.30752406E-02
       4     -0.97535315E-02     -0.28193954E-01     -0.68120857E-03     -0.30752406E-02
       5     -0.11617593E-01     -0.28193954E-01     -0.83094485E-03     -0.30752406E-02
       6     -0.13469808E-01     -0.28193954E-01     -0.95502591E-03     -0.30752406E-02
       7     -0.14850194E-01     -0.28193954E-01     -0.11185341E-02     -0.30752406E-02
       8     -0.16361734E-01     -0.28193954E-01     -0.12709293E-02     -0.30752406E-02
       9     -0.17035536E-01     -0.28193954E-01     -0.13046210E-02     -0.30752406E-02
      10     -0.17401487E-01     -0.28193954E-01     -0.13318339E-02     -0.30752406E-02
      11     -0.17811088E-01     -0.28193954E-01     -0.13641947E-02     -0.30752406E-02
      12     -0.18379271E-01     -0.28193954E-01     -0.14009991E-02     -0.30752406E-02
      13     -0.18917515E-01     -0.28193954E-01     -0.14296819E-02     -0.30752406E-02
      14     -0.19186730E-01     -0.28193954E-01     -0.14525348E-02     -0.30752406E-02
      15     -0.19643900E-01     -0.28193954E-01     -0.14762673E-02     -0.30752406E-02
      16     -0.19958377E-01     -0.28193954E-01     -0.15071193E-02     -0.30752406E-02
      17     -0.20296656E-01     -0.28193954E-01     -0.15414676E-02     -0.30752406E-02
      18     -0.20555518E-01     -0.28193954E-01     -0.15699477E-02     -0.30752406E-02
      19     -0.20888646E-01     -0.28193954E-01     -0.16039671E-02     -0.30752406E-02
      20     -0.21100038E-01     -0.28193954E-01     -0.16311283E-02     -0.30752406E-02
      21     -0.21299197E-01     -0.28193954E-01     -0.16560979E-02     -0.30752406E-02
      22     -0.21754611E-01     -0.28193954E-01     -0.16867663E-02     -0.30752406E-02
      23     -0.21956050E-01     -0.28193954E-01     -0.17130564E-02     -0.30752406E-02
      24     -0.22155012E-01     -0.28193954E-01     -0.17363989E-02     -0.30752406E-02
      25     -0.22380204E-01     -0.28193954E-01     -0.17568011E-02     -0.30752406E-02
      26     -0.22706774E-01     -0.28193954E-01     -0.17845234E-02     -0.30752406E-02
      27     -0.22814956E-01     -0.28193954E-01     -0.17987936E-02     -0.30752406E-02
      28     -0.22947135E-01     -0.28193954E-01     -0.18195064E-02     -0.30752406E-02
      29     -0.23331744E-01     -0.28193954E-01     -0.18443713E-02     -0.30752406E-02
      30     -0.23448800E-01     -0.28193954E-01     -0.18597720E-02     -0.30752406E-02
      31     -0.23575990E-01     -0.28193954E-01     -0.18743404E-02     -0.30752406E-02
      32     -0.23869251E-01     -0.28193954E-01     -0.19108242E-02     -0.30752406E-02
      33     -0.24009915E-01     -0.28193954E-01     -0.19272122E-02     -0.30752406E-02
      34     -0.24153096E-01     -0.28193954E-01     -0.19450135E-02     -0.30752406E-02
      35     -0.24320232E-01     -0.28193954E-01     -0.19684556E-02     -0.30752406E-02
      36     -0.24542657E-01     -0.28193954E-01     -0.19886061E-02     -0.30752406E-02
      37     -0.24645397E-01     -0.28193954E-01     -0.20081916E-02     -0.30752406E-02
      38     -0.24784763E-01     -0.28193954E-01     -0.20273856E-02     -0.30752406E-02
      39     -0.24890104E-01     -0.28193954E-01     -0.20402865E-02     -0.30752406E-02
      40     -0.25136629E-01     -0.28193954E-01     -0.20657538E-02     -0.30752406E-02
      41     -0.25205735E-01     -0.28193954E-01     -0.20799383E-02     -0.30752406E-02
      42     -0.25284635E-01     -0.28193954E-01     -0.20906460E-02     -0.30752406E-02
      43     -0.25414074E-01     -0.28193954E-01     -0.21280231E-02     -0.30752406E-02
      44     -0.25484156E-01     -0.28193954E-01     -0.21430892E-02     -0.30752406E-02
      45     -0.25608359E-01     -0.28193954E-01     -0.21641455E-02     -0.30752406E-02
      46     -0.25672992E-01     -0.28193954E-01     -0.21805198E-02     -0.30752406E-02
      47     -0.25716122E-01     -0.28193954E-01     -0.21926580E-02     -0.30752406E-02
      48     -0.25775866E-01     -0.28193954E-01     -0.22040985E-02     -0.30752406E-02
      49     -0.25843325E-01     -0.28193954E-01     -0.22190493E-02     -0.30752406E-02
      50     -0.25879245E-01     -0.28193954E-01     -0.22314426E-02     -0.30752406E-02
      51     -0.25920064E-01     -0.28193954E-01     -0.22437794E-02     -0.30752406E-02
      52     -0.25949412E-01     -0.28193954E-01     -0.22546455E-02     -0.30752406E-02
      53     -0.25992389E-01     -0.28193954E-01     -0.22683032E-02     -0.30752406E-02
      54     -0.26009533E-01     -0.28193954E-01     -0.22735587E-02     -0.30752406E-02
      55     -0.26046601E-01     -0.28193954E-01     -0.22855308E-02     -0.30752406E-02
      56     -0.26078331E-01     -0.28193954E-01     -0.22961061E-02     -0.30752406E-02
      57     -0.26113649E-01     -0.28193954E-01     -0.23088211E-02     -0.30752406E-02
      58     -0.26143290E-01     -0.28193954E-01     -0.23198747E-02     -0.30752406E-02
      59     -0.26165496E-01     -0.28193954E-01     -0.23287763E-02     -0.30752406E-02
      60     -0.26199992E-01     -0.28193954E-01     -0.23408523E-02     -0.30752406E-02
      61     -0.26248530E-01     -0.28193954E-01     -0.23542399E-02     -0.30752406E-02
      62     -0.26279464E-01     -0.28193954E-01     -0.23678342E-02     -0.30752406E-02
      63     -0.26311773E-01     -0.28193954E-01     -0.23818135E-02     -0.30752406E-02

